0.016, 0.008650178999914715
0.016, 0.10861224799987212
0.016, 0.2082743109999683
0.016, 0.3082933809998849
0.016, 0.408289429999968
0.016, 0.508317476000002
0.016, 0.6083355220000612
0.016, 0.7083315679999487
0.016, 0.8083366139999271
0.016, 0.9083696600000621
0.016, 1.0084317069999997
0.016, 1.1084527529999377
0.016, 1.2084757989998707
0.016, 1.3084758449999754
0.016, 1.4084918710000238
0.016, 1.5085128929999883
0.016, 1.6085279149999678
0.016, 1.7085329369999727
0.016, 1.8085679599998912
0.016, 1.9085679820000223
0.016, 2.008633004999865
0.016, 2.10865902799992
0.016, 2.208665050000036
0.016, 2.3086810719998994
0.016, 2.408710074000055
0.016, 2.5087100729999747
0.016, 2.6087240709998696
0.014, 2.708743069999855
0.014, 2.8087470680000024
0.014, 2.908757066999897
0.014, 3.008848066999917
0.014, 3.108851065999943
0.014, 3.208895064999979
0.014, 3.3088810629999443
0.014, 3.4088990410000406
0.016, 3.5089230169999155
0.014, 3.608958991999998
0.014, 3.708951966999848
0.014, 3.80896294199988
0.014, 3.908977916999902
0.016, 4.009049893999872
0.016, 4.10907586899998
0.016, 4.209113845000047
0.016, 4.309106819999897
0.016, 4.409162774999913
0.122, 4.509204727999986
0.134, 4.609206679999943
0.016, 4.709214631999885
0.028, 4.809253583999862
0.004, 4.909251536000056
0.002, 5.009316488999957
0.002, 5.10933344099999
0.004, 5.209352393000017
0.004, 5.309361344999843
0.004, 5.409389276999946
0.004, 5.50939620500003
0.004, 5.609421135000048
0.004, 5.709424062999915
0.004, 5.809437991999857
0.004, 5.909453921000022
0.004, 6.009562852000045
0.004, 6.109544779999851
0.004, 6.209560709000016
0.004, 6.309586637999928
0.004, 6.40959054699988
0.004, 6.509605452999949
0.004, 6.609683359999963
0.004, 6.709656264999921
0.004, 6.8096621709999
0.004, 6.909677076999969
0.004, 7.009746984000003
0.004, 7.109758889999966
0.014, 7.209783797
0.018000000000000002, 7.309817702999908
0.004, 7.409820588999992
0.004, 7.509830471999976
0.004, 7.609845355000061
0.004, 7.7098682389998885
0.004, 7.809898123000039
0.004, 7.9098910059999525
0.004, 8.009974889999967
0.004, 8.109982772999956
0.004, 8.210003657000016
0.004, 8.310014539999884
0.004, 8.410058403999983
0.004, 8.510053264999897
0.004, 8.610057124999912
0.124, 8.710085985999967
0.038, 8.810098847000063
0.004, 8.910104708000063
0.004, 9.010172569999895
0.004, 9.110206431000051
0.004, 9.210208290999844
0.004, 9.310228152000036
0.004, 9.410256994000065
0.004, 9.510258831999863
0.004, 9.610268669999869
0.004, 9.710307508999904
0.004, 9.810316347000025
0.004, 9.910333185999889
0.004, 10.01039502499998
0.004, 10.11042286399993
0.004, 10.21042270199996
0.014, 10.310464540999874
0.064, 10.410478359999843
0.004, 10.510490175999848
0.004, 10.61049299199999
0.004, 10.710543809
0.004, 10.81053262499995
0.004, 10.910568441999885
0.004, 11.010615258999906
0.004, 11.110634075000007
0.004, 11.210642890999907
0.004, 11.310660706999897
0.004, 11.410677503999977
0.004, 11.510721298999897
0.004, 11.610714092999842
0.004, 11.71072488699997
0.016, 11.810746681999944
0.016, 11.91077247599992
0.006, 12.010826271000042
0.004, 12.110858065999992
0.004, 12.210857860000033
0.004, 12.310873654000034
0.004, 12.410886428999902
0.004, 12.510909201999993
0.004, 12.610914974000025
0.004, 12.710955746999844
0.004, 12.810961518999875
0.004, 12.910976291999987
0.004, 13.011042064999856
0.004, 13.111050836999993
0.004, 13.211070609999979
0.004, 13.311108382999919
0.022, 13.411115136000035
0.09, 13.511129886999925
0.004, 13.6111556379999
0.004, 13.711159387999942
0.004, 13.811218139999937
0.004, 13.911207890000014
0.004, 14.011265641999898
0.004, 14.111271391999935
0.004, 14.211286143000052
0.004, 14.311292893999962
0.004, 14.411324625999896
0.004, 14.511349354999993
0.004, 14.611362083999893
0.004, 14.711378814
0.004, 14.811384543000031
0.012, 14.91141327299988
0.022, 15.01146800299989
0.02, 15.111511732000054
0.004, 15.211509460999878
0.004, 15.311519190999888
0.004, 15.411542900999848
0.004, 15.511553608999975
0.004, 15.611577316999956
0.004, 15.711603024999931
0.004, 15.811610732999952
0.004, 15.911621440999852
0.004, 16.01169415000004
0.004, 16.111699858000065
0.004, 16.21171256599996
0.004, 16.3117522739999
0.004, 16.411755962999905
0.038, 16.51178064999999
0.134, 16.611787336999896
0.004, 16.711808023999993
0.004, 16.811821710999993
0.004, 16.911839397999984
0.004, 17.011901084999863
0.004, 17.111911771999985
0.004, 17.21192645899987
0.004, 17.311939145999986
0.004, 17.41195781400006
0.004, 17.51198948000001
0.004, 17.61198314499984
0.004, 17.712008811000032
0.004, 17.8120274769999
0.004, 17.912040143000013
0.004, 18.012106809999977
0.032, 18.112196476999998
0.024, 18.212189141999943
0.004, 18.312196807999953
0.004, 18.412210454999922
0.004, 18.51222310000003
0.004, 18.61223674500002
0.004, 18.71224239000003
0.004, 18.812246035000044
0.004, 18.912250679999943
0.004, 19.012322326000003
0.004, 19.112334970999882
0.004, 19.212351615999978
0.004, 19.312389260999907
0.004, 19.412387887000023
0.004, 19.512405511999987
0.058, 19.61247213699994
0.044, 19.712441760000047
0.004, 19.812457385000016
0.004, 19.912480008999864
0.004, 20.012541633999945
0.004, 20.112566259000005
0.004, 20.212581882999984
0.004, 20.312589507999974
0.004, 20.412597112999947
0.004, 20.51263671799984
0.004, 20.612640320999844
0.004, 20.71264992500005
0.004, 20.81267952899998
0.004, 20.912686132999852
0.004, 21.01278273799994
0.004, 21.11281334199998
0.084, 21.212815945999864
0.054, 21.312826549999954
0.004, 21.412908135999942
0.004, 21.512860718999946
0.004, 21.612883302
0.004, 21.712914885999908
0.004, 21.812917469000013
0.004, 21.912947052999925
0.004, 22.012991636999914
0.004, 22.113005220999867
0.004, 22.213038804999997
0.004, 22.31306938800003
0.004, 22.413061952999897
0.004, 22.51306251599999
0.004, 22.61308508000002
0.018000000000000002, 22.71312864299989
0.014, 22.813128206999863
0.006, 22.913163769999983
0.004, 23.013196333999986
0.004, 23.113215896999918
0.004, 23.213283460999946
0.004, 23.313248023999904
0.004, 23.413265569000032
0.004, 23.513289112999928
0.004, 23.61330265599986
0.004, 23.71330819900004
0.004, 23.813327741999956
0.004, 23.913327285999912
0.004, 24.013407830000006
0.004, 24.113442373999987
0.004, 24.213437916999965
0.128, 24.313458459999993
0.032, 24.413489984999842
0.004, 24.513475508000056
0.004, 24.613498032000052
0.004, 24.713531555999907
0.004, 24.81353207899997
0.004, 24.91354760199988
0.004, 25.01361712699986
0.004, 25.11363164999989
0.004, 25.21364417399991
0.004, 25.313677697000003
0.004, 25.413684203000003
0.004, 25.513687705999928
0.004, 25.613712209999903
0.004, 25.713734713999884
0.008, 25.813824219000026
0.012, 25.91377872199996
0.018000000000000002, 26.013839225999845
0.004, 26.11384772999986
0.004, 26.213859232999994
0.004, 26.313882736999858
0.004, 26.41391322300001
0.004, 26.513927706999993
0.004, 26.61393819099999
0.004, 26.71396367600005
0.004, 26.813966160000064
0.004, 26.91398064400005
0.004, 27.014040129000023
0.004, 27.114083613000048
0.002, 27.214077096999972
0.004, 27.314094581000063
0.076, 27.41411704799998
0.032, 27.514116511999873
0.004, 27.61413497700005
0.004, 27.714168441999846
0.004, 27.81417790699993
0.004, 27.914182371999914
0.004, 28.01424083699999
0.004, 28.114274302000013
0.004, 28.21428076699999
0.004, 28.314310232000025
0.004, 28.41430967899987
0.004, 28.514321123999935
0.004, 28.614342569999963
0.004, 28.71435501499991
0.004, 28.814374460999943
0.004, 28.91439990599997
0.018000000000000002, 29.01445335199992
0.03, 29.114466797999967
0.004, 29.21448524399989
0.004, 29.314506688999927
0.004, 29.414514116999953
0.004, 29.51453254299986
0.004, 29.61454196999989
0.004, 29.71455839600003
0.004, 29.81457982300003
0.004, 29.914598248999937
0.004, 30.01466067599995
0.004, 30.11469810299991
0.004, 30.214713528999937
0.004, 30.314711955999883
0.002, 30.414725363999878
0.04, 30.514764772000035
0.014, 30.614763178999965
0.014, 30.71479358700003
0.004, 30.814817994999885
0.004, 30.914805401999956
0.004, 31.014860809999846
0.004, 31.114883216999942
0.004, 31.214907625000023
0.004, 31.314929033
0.004, 31.414937422999856
0.004, 31.51493281099988
0.004, 31.614958200000046
0.004, 31.714970587999915
0.004, 31.815030977999868
0.004, 31.915022365999903
0.004, 32.015098755000054
0.03, 32.115109143999916
0.10200000000000001, 32.215121533
0.004, 32.315140920999966
0.004, 32.41514729300002
0.004, 32.51516566300006
0.004, 32.615179033000004
0.004, 32.71519740300005
0.004, 32.81520977299988
0.004, 32.91522614299993
0.004, 33.01528051299988
0.004, 33.11532688399984
0.004, 33.215320252999845
0.004, 33.315345622999985
0.004, 33.4153509759999
0.004, 33.51535732699995
0.016, 33.615384679000044
0.034, 33.715424030999884
0.044, 33.81542438199995
0.004, 33.91543373399986
0.004, 34.015491085999884
0.004, 34.115516437
0.004, 34.215536789
0.004, 34.315555140000015
0.004, 34.41557247499986
0.004, 34.51557080799989
0.004, 34.61559514099986
0.004, 34.71561547400006
0.004, 34.815634806999924
0.004, 34.915662139999995
0.004, 35.01570747400001
0.004, 35.11572880699987
0.028, 35.215742139999975
0.11, 35.315765473000056
0.004, 35.415786789999856
0.004, 35.51580210399993
0.004, 35.615816418999884
0.004, 35.71582373399997
0.004, 35.81583404899993
0.004, 35.915852363999875
0.004, 36.01590867899995
0.004, 36.11595199499993
0.004, 36.21595630899992
0.004, 36.315958623999904
0.004, 36.41599492199998
0.004, 36.51604021899993
0.004, 36.616016515999945
0.008, 36.71604981299993
0.092, 36.81605910999997
0.018000000000000002, 36.91606640600003
0.004, 37.01612770399993
0.004, 37.116148001000056
0.004, 37.216156297
0.004, 37.31619059399986
0.004, 37.416188874
0.004, 37.51620415299999
0.004, 37.61622643199985
0.004, 37.716236710999965
0.004, 37.81626299000004
0.004, 37.916290269
0.004, 38.01636554799984
0.004, 38.11636982699997
0.004, 38.216378105999866
0.044, 38.31640038499995
0.014, 38.416408647000026
0.006, 38.51644190799993
0.004, 38.6164531689999
0.004, 38.71648043000005
0.004, 38.816485691000025
0.004, 38.91650695199996
0.004, 39.01656121399992
0.004, 39.11659947499993
0.004, 39.21660473599991
0.004, 39.31661699699998
0.004, 39.41663224199988
0.004, 39.51663048499995
0.004, 39.61666872899991
0.004, 39.716687972000045
0.004, 39.81668621499989
0.10200000000000001, 39.916711459
0.018000000000000002, 40.01676970299991
0.004, 40.11683194700004
0.004, 40.21680418899996
0.004, 40.31683043299995
0.004, 40.416828659999965
0.004, 40.516848885999934
0.004, 40.616873111999894
0.004, 40.71687933699991
0.004, 40.816890563000015
0.004, 40.916923789000066
0.004, 41.016977016000055
0.004, 41.11699024099994
0.004, 41.21700646699992
0.004, 41.31702369300001
0.01, 41.41703390299995
0.008, 41.51705411099988
0.018000000000000002, 41.6170793199999
0.004, 41.717083527999876
0.004, 41.817091736000066
0.004, 41.91710894499988
0.004, 42.01718215400001
0.004, 42.1172163629999
0.004, 42.217213571
0.004, 42.31722777999994
0.004, 42.417244971999935
0.004, 42.51725216299997
0.004, 42.61727735399995
0.004, 42.717321545999994
0.002, 42.817311736999955
0.004, 42.917325927999855
0.098, 43.01739311999995
0.022, 43.11742631099992
0.004, 43.21742650199985
0.004, 43.317458693999924
0.004, 43.41744486799985
0.004, 43.51746604300001
0.004, 43.61748521699997
0.004, 43.71750439099992
0.004, 43.8175135649999
0.004, 43.917542739000055
0.004, 44.01758991399993
0.004, 44.117607087999886
0.004, 44.21762226199985
0.004, 44.31763643599993
0.004, 44.417656593999936
0.004, 44.51767575099984
0.022, 44.617690907999986
0.068, 44.71769606499993
0.004, 44.817770223000025
0.004, 44.91773137999985
0.004, 45.01779453699987
0.004, 45.117820694999864
0.004, 45.217837852
0.004, 45.317847008999934
0.004, 45.4178651499999
0.004, 45.517876290000004
0.004, 45.61792143100001
0.004, 45.717976572
0.004, 45.81793971100001
0.004, 45.91793785100003
0.004, 46.01799499200001
0.088, 46.11802113299996
0.02, 46.21803527299994
0.004, 46.318066413
0.004, 46.41806353699985
0.004, 46.51806266099993
0.004, 46.618087783999954
0.004, 46.71811890799995
0.004, 46.81813503199987
0.004, 46.918160154999896
0.004, 47.01820627899997
0.004, 47.11823840299985
0.004, 47.2182475269999
0.004, 47.31826164999984
0.004, 47.418275757999936
0.004, 47.51829986500002
0.004, 47.618305971999916
0.022, 47.71833207899999
0.076, 47.81834618599987
0.004, 47.91837229299995
0.004, 48.01841439999998
0.004, 48.11845650700002
0.004, 48.21844861399995
0.004, 48.318513722000034
0.004, 48.41848581199997
0.004, 48.518484902999944
0.004, 48.61851099299997
0.004, 48.71854508399997
0.004, 48.81854017399996
0.004, 48.918568264999976
0.004, 49.01861335600006
0.004, 49.11863644599998
0.042, 49.21865353699991
0.012, 49.31868162799992
0.004, 49.418688702000054
0.004, 49.518685775999984
0.004, 49.618711850999944
0.004, 49.71872092499984
0.004, 49.81873799899995
0.004, 49.91876007299993
0.004, 50.018829147999895
0.004, 50.11884522199989
0.004, 50.21888429699993
0.004, 50.31887736999988
0.004, 50.418884428999945
0.004, 50.51891248699985
0.004, 50.61892254500003
0.004, 50.71894760300006
0.026000000000000002, 50.81896066099989
0.008, 50.91896971899996
0.004, 51.01904177799997
0.004, 51.11907383599987
0.004, 51.219060893000005
0.004, 51.319138952
0.004, 51.41911899399997
0.004, 51.51911303599991
0.004, 51.619135078
0.004, 51.719174119999934
0.004, 51.819170161999864
0.004, 51.919221203999996
0.004, 52.019262245999926
0.004, 52.119287287999896
0.004, 52.21928933000004
0.026000000000000002, 52.31933137199985
0.008, 52.419325397999955
0.004, 52.51932242399994
0.004, 52.61934744999985
0.004, 52.719366476000005
0.004, 52.819374501999846
0.004, 52.919406527999854
0.004, 53.01944455399985
0.004, 53.11947857999985
0.004, 53.21951960699994
0.004, 53.31950963200006
0.004, 53.41952764300004
0.004, 53.5195486529999
0.004, 53.619567663
0.004, 53.71958667299987
0.004, 53.820081687999846
0.01, 53.92254772299998
0.006, 54.019695704000014
0.004, 54.119723714999964
0.004, 54.21971272499991
0.004, 54.319730734999894
0.004, 54.41974273000005
0.004, 54.519746724000015
0.004, 54.61977371800003
0.004, 54.719809712999904
0.004, 54.81981570699986
0.004, 54.919828701999904
0.004, 55.01989669699992
0.004, 55.119904690999874
0.004, 55.21994268599997
0.004, 55.31995968000001
0.02, 55.419970659
0.02, 55.520023638999874
0.008, 55.62000461699995
0.004, 55.72001159599995
0.004, 55.820024574999934
0.004, 55.92005855399998
0.004, 56.02010653299999
0.004, 56.120132512000055
0.004, 56.2201564909999
0.004, 56.3201614699999
0.004, 56.420173432999945
0.004, 56.52019339699996
0.004, 56.620203360000005
0.004, 56.72021732300004
0.004, 56.82022928699985
0.004, 56.92024624999999
0.008, 57.02030121400003
0.006, 57.120339177999995
0.01, 57.22035714100002
0.004, 57.32036210399997
0.004, 57.42037405299993
0.004, 57.52038400099991
0.004, 57.62040194899987
0.004, 57.720442896999884
0.004, 57.820445844999995
0.004, 57.92046379299995
0.004, 58.02051774100005
0.004, 58.12054368999998
0.004, 58.22056263800005
0.004, 58.32058558599988
0.004, 58.42059351900002
0.004, 58.52058745099998
0.074, 58.62061738399984
0.006, 58.72064431700005
0.004, 58.82064025
0.004, 58.92067318299996
0.004, 59.020723116
0.004, 59.12074904899987
0.004, 59.220765981999875
0.004, 59.32078791499998
0.004, 59.420794832999945
0.004, 59.520816749999994
0.004, 59.62082566799995
0.004, 59.72085158599998
0.004, 59.820867504000034
0.004, 59.92087242100001
0.004, 60.02094334000003
0.006, 60.120979258000034
0.006, 60.220988175
0.014, 60.320981093
0.004, 60.42104699599986
0.004, 60.52103689899991
0.004, 60.621069801999965
0.004, 60.721083703999966
0.004, 60.821084606999875
0.004, 60.92110150999997
0.004, 61.02116441299995
0.004, 61.12119031599991
0.004, 61.221210218999886
0.004, 61.32123412099986
0.004, 61.421249008999894
0.004, 61.521246896999855
0.004, 61.62127578499985
0.042, 61.721294672999875
0.006, 61.82130856100002
0.004, 61.92133744900002
0.004, 62.02137833699999
0.004, 62.12140622499987
0.004, 62.22144711299984
0.004, 62.32143300100006
0.004, 62.42146087399988
0.004, 62.52147274699996
0.004, 62.621488621000026
0.004, 62.72151149399997
0.004, 62.82151636699996
0.004, 62.92152624000005
0.004, 63.021587112999896
0.004, 63.121625987000016
0.004, 63.221626860000015
0.01, 63.32164573299997
0.02, 63.421661591999964
0.004, 63.52167344999998
0.004, 63.621689308999976
0.004, 63.72172116699994
0.004, 63.82171802599987
0.004, 63.92174288399997
0.004, 64.02179874299986
0.004, 64.12182560199994
0.004, 64.22183645999985
0.004, 64.32306432899986
0.004, 64.42303517300002
0.004, 64.52304001699986
0.004, 64.62302685999998
0.004, 64.72304370400002
0.022, 64.82306654800004
0.008, 64.92310239299991
0.004, 65.02316023699996
0.004, 65.12316908100001
0.004, 65.22319192500004
0.004, 65.32320776899996
0.004, 65.42320259799999
0.004, 65.52325542799986
0.004, 65.62325425799986
0.004, 65.72327008699995
0.004, 65.82328191700003
0.004, 65.923300746
0.004, 66.02337157600005
0.004, 66.12339540599987
0.004, 66.22340423599985
0.004, 66.32341206499996
0.014, 66.42342787999996
0.02, 66.52344969599994
0.004, 66.62347251100005
0.004, 66.72349832600003
0.004, 66.82349314099997
0.004, 66.92351495699995
0.004, 67.02358577299992
0.004, 67.12359458800006
0.004, 67.22362240300004
0.004, 67.32364321799992
0.004, 67.42364601899999
0.004, 67.52366082000003
0.004, 67.62368662199992
0.004, 67.72369742299998
0.004, 67.82371122399991
0.018000000000000002, 67.923753025
0.022, 68.02381182699992
0.004, 68.12384962800002
0.004, 68.22383242899991
0.004, 68.32384722999996
0.004, 68.42385501700005
0.004, 68.52389080399985
0.004, 68.62388659099997
0.004, 68.72391137799991
0.004, 68.8239181649999
0.004, 68.92392895199987
0.004, 69.0240097389999
0.004, 69.12403452700005
0.004, 69.22403531400005
0.004, 69.32405210000002
0.004, 69.42406987300001
0.014, 69.52408764699999
0.014, 69.62410341999998
0.004, 69.72414419300003
0.004, 69.82414596600006
0.004, 69.92415773900007
0.004, 70.02423451300001
0.004, 70.1242472859999
0.004, 70.22427005899999
0.004, 70.32429483199985
0.004, 70.42429959099991
0.004, 70.52432135000004
0.004, 70.62432710899998
0.004, 70.72436386899994
0.004, 70.82435962799991
0.004, 70.92438838699991
0.006, 71.02444614699994
0.062, 71.12447390600005
0.006, 71.224475665
0.004, 71.32449142399992
0.004, 71.42450716999997
0.004, 71.52453991499988
0.004, 71.62454166099997
0.004, 71.72455640599992
0.004, 71.82458615199994
0.004, 71.92459389700002
0.004, 72.02466564299993
0.004, 72.12469938899994
0.004, 72.22471513400001
0.004, 72.32474687900003
0.004, 72.42473761099995
0.004, 72.52473734299997
0.02, 72.624774075
0.006, 72.72480080700007
0.004, 72.82480553899995
0.004, 72.92481326999996
0.004, 73.02487800299991
0.004, 73.12488673400003
0.004, 73.22490146599989
0.004, 73.32494519800002
0.004, 73.42494791600006
0.004, 73.52495963499996
0.004, 73.62496935299987
0.004, 73.72498707099999
0.004, 73.82500378999998
0.004, 73.92504150800005
0.004, 74.02510222699993
0.004, 74.12510894499997
0.068, 74.22512666299986
0.006, 74.32514638099997
0.004, 74.42515208600003
0.004, 74.5251847909999
0.004, 74.62518249599998
0.004, 74.72522020099996
0.004, 74.82521590600004
0.004, 74.92529161099992
0.004, 75.02531131599994
0.004, 75.12533402099984
0.004, 75.22533272600003
0.004, 75.32534842999985
0.004, 75.42537112199989
0.004, 75.52538581399995
0.004, 75.62539750499991
0.01, 75.72543119700003
0.004, 75.82543288800002
0.004, 75.92545457999995
0.004, 76.02552327199987
0.004, 76.12553296400006
0.004, 76.22554365499991
0.004, 76.32557534600005
0.004, 76.42557302499995
0.004, 76.52559370299991
0.004, 76.62559938100003
0.004, 76.72561606
0.004, 76.82563573799985
0.004, 76.92566541699989
0.004, 77.02573409499996
0.004, 77.12573877399996
0.004, 77.22575345199994
0.058, 77.32578312999999
0.008, 77.42578579499991
0.004, 77.52581746099986
0.004, 77.625822126
0.004, 77.72582979100002
0.004, 77.82584545600002
0.004, 77.92587912199997
0.004, 78.02594678699984
0.004, 78.1259794529999
0.004, 78.22597311799996
0.004, 78.32599078299995
0.004, 78.42601343499996
0.004, 78.52602108699989
0.004, 78.62603873900002
0.004, 78.72607339199999
0.008, 78.82606604399984
0.004, 78.92608369599998
0.004, 79.02616034900007
0.004, 79.12618700100006
0.004, 79.22618965299989
0.004, 79.32622430499987
0.004, 79.42622794399995
0.004, 79.52623658399989
0.004, 79.62624022299997
0.004, 79.72626886299986
0.004, 79.82627950200003
0.004, 79.926325141
0.004, 80.02637978100006
0.004, 80.12639341999989
0.004, 80.22640905999992
0.004, 80.32642569799987
0.022, 80.42644732500003
0.008, 80.52652095200006
0.004, 80.62647657799994
0.004, 80.72649020499989
0.004, 80.82650383099985
0.004, 80.92652545800001
0.004, 81.02659008499995
0.004, 81.12662771099986
0.004, 81.22661933799986
0.004, 81.32664196399992
0.004, 81.42665357800001
0.004, 81.526668191
0.004, 81.62668880499996
0.004, 81.726722419
0.004, 81.82672803299988
0.006, 81.92674764699996
0.01, 82.02680826100004
0.004, 82.12681887500003
0.004, 82.22684448899986
0.004, 82.32687010199993
0.004, 82.42686870299985
0.004, 82.52689130499994
0.004, 82.62691090599992
0.004, 82.72693550700001
0.004, 82.82693510800004
0.004, 82.92697570999985
0.004, 83.02702631099987
0.004, 83.12708391299998
0.004, 83.22706451399995
0.004, 83.32707111399986
0.004, 83.427082703
0.02, 83.52711929199995
0.012, 83.6271188799999
0.004, 83.72713346899991
0.004, 83.82715005799992
0.004, 83.92716964700003
0.004, 84.02723423599991
0.004, 84.1272628239999
0.004, 84.22726341299995
0.004, 84.32728600099995
0.004, 84.42729257699989
0.004, 84.52730915400002
0.004, 84.62732073000006
0.004, 84.72736130599992
0.004, 84.827356883
0.004, 84.92736845900004
0.004, 85.02744503600002
0.014, 85.12745261199984
0.004, 85.22747018799987
0.004, 85.32750276399997
0.004, 85.42750232799995
0.004, 85.52751789199988
0.004, 85.62753045599993
0.004, 85.72754501999998
0.004, 85.82756358400002
0.004, 85.92759214800003
0.004, 86.02765271199996
0.004, 86.12766327600002
0.004, 86.22767984000006
0.004, 86.32770840399985
0.004, 86.42770995499995
0.004, 86.52773750699998
0.012, 86.62774305899984
0.04, 86.72776661099988
0.004, 86.82778116300005
0.004, 86.92778671399992
0.004, 87.02785426599985
0.004, 87.12788481799998
0.004, 87.22788436999986
0.004, 87.32789992099993
0.004, 87.42794046099993
0.004, 87.52794500000005
0.004, 87.62794953999992
0.004, 87.72798108000006
0.004, 87.82798261899984
0.004, 87.92800415900001
0.004, 88.02806669899996
0.004, 88.12808223899992
0.014, 88.228098778
0.008, 88.32813431699992
0.004, 88.4281468449999
0.004, 88.52814837300002
0.004, 88.62816090000001
0.004, 88.72817742799998
0.004, 88.82819695600006
0.004, 88.92822648299989
0.004, 89.02828001099988
0.004, 89.12829153899997
0.004, 89.22830906600007
0.004, 89.32832259299994
0.004, 89.42834410899991
0.004, 89.52837862499996
0.004, 89.62837513999989
0.004, 89.72838665599988
0.064, 89.82840817199985
0.004, 89.92841568699987
0.004, 90.02849120299993
0.004, 90.128515719
0.004, 90.22852623499989
0.004, 90.32854075
0.004, 90.428555254
0.004, 90.52857675799987
0.004, 90.62860126199985
0.004, 90.72867676600004
0.004, 90.82862526899999
0.004, 90.92864877299985
0.004, 91.02871827700005
0.004, 91.12872278099985
0.004, 91.22873928499985
0.02, 91.32877978800002
0.004, 91.42877127999986
0.004, 91.52879877199985
0.004, 91.62880226399989
0.004, 91.72882275699999
0.004, 91.82883724899989
0.004, 91.92889174099992
0.004, 92.02892523299988
0.004, 92.12893372500002
0.004, 92.22894521700005
0.004, 92.32896470900005
0.004, 92.42898818899994
0.004, 92.52901367000004
0.004, 92.62902314999997
0.004, 92.7290266309999
0.004, 92.82904711099991
0.062, 92.92906459200003
0.004, 93.02913307199992
0.004, 93.12917455299998
0.004, 93.22915903299986
0.004, 93.329176513
0.004, 93.4291929819999
0.004, 93.52920945100004
0.004, 93.62922892000006
0.004, 93.72925438799984
0.004, 93.82924285700005
0.004, 93.92927232600005
0.004, 94.02933979499994
0.004, 94.12935426399986
0.004, 94.22936473300001
0.004, 94.329400201
0.008, 94.42940365899995
0.006, 94.52940511599991
0.004, 94.62943457300003
0.004, 94.72946703100001
0.004, 94.82946448799999
0.004, 94.92949594599986
0.004, 95.02955440300002
0.004, 95.12957086100005
0.004, 95.229576318
0.004, 95.32959477500003
0.004, 95.42961122099996
0.004, 95.52963666699998
0.004, 95.62963611300006
0.004, 95.72965855899997
0.004, 95.82966500499992
0.004, 95.92967945099986
0.056, 96.02976589700006
0.004, 96.12978134299988
0.004, 96.22978478899995
0.004, 96.32980523499987
0.004, 96.42981366899994
0.004, 96.52983610399997
0.004, 96.62984553899992
0.004, 96.72988697400001
0.004, 96.829882408
0.004, 96.92989984299993
0.004, 97.02997727799993
0.004, 97.12999471299986
0.004, 97.23000514799992
0.004, 97.33004158199992
0.004, 97.43004500500001
0.004, 97.53008942899987
0.012, 97.63007585199989
0.004, 97.73011927599987
0.004, 97.83011869899997
0.004, 97.93014312299988
0.004, 98.03019454599985
0.004, 98.13021196999989
0.004, 98.23022139399995
0.004, 98.33023481600003
0.004, 98.43024922899986
0.004, 98.53028564099986
0.004, 98.63027805299998
0.004, 98.73031246599999
0.004, 98.83032787799993
0.004, 98.93032829100002
0.004, 99.03044770299994
0.034, 99.13043711599994
0.004, 99.23044252799991
0.004, 99.33045193999988
0.004, 99.43046534099994
0.004, 99.530484742
0.004, 99.63050214400005
0.004, 99.73052954499985
0.004, 99.83052994700006
0.004, 99.93055834799998
0.004, 100.03062875
0.004, 100.13064115099996
0.004, 100.23066055200002
0.004, 100.33068195299984
0.004, 100.43068034299995
0.004, 100.53069573399989
0.004, 100.63073012399991
0.01, 100.7307295149999
0.004, 100.83074090499986
0.004, 100.9307672949999
0.004, 101.03083868599992
0.004, 101.13085007699988
0.004, 101.23086046699996
0.004, 101.330886856
0.004, 101.43089223599986
0.004, 101.53092861599998
0.004, 101.6309159949999
0.004, 101.7309533749999
0.004, 101.83096375399987
0.004, 101.93099013400001
0.004, 102.03104851399985
0.004, 102.131074893
0.016, 102.23108627299985
0.004, 102.33109465100006
0.004, 102.43111501999988
0.004, 102.53112138899996
0.004, 102.63113775800002
0.004, 102.73118912699988
0.004, 102.83117949500001
0.004, 102.93118386399988
0.004, 103.03126723299988
0.004, 103.13127960199995
0.004, 103.23129397100001
0.004, 103.33134333899989
0.004, 103.43134769699986
0.004, 103.53134405499986
0.004, 103.63135441300005
0.004, 103.7313677709999
0.012, 103.83138312899996
0.004, 103.93139548699992
0.004, 104.03149284599999
0.004, 104.131483204
0.004, 104.23150456200005
0.004, 104.33151791899991
0.004, 104.43153426599997
0.004, 104.53155461400002
0.004, 104.63158596199992
0.004, 104.73158230900003
0.004, 104.83159565599999
0.004, 104.93160800400005
0.004, 105.03169235199994
0.004, 105.1317016989999
0.004, 105.23172804699993
0.012, 105.33173239300004
0.004, 105.43173873
0.004, 105.53176806700003
0.004, 105.63177340399989
0.004, 105.73179374100005
0.004, 105.83182507800007
0.004, 105.93182841499993
0.004, 106.03189275199998
0.004, 106.1319170889999
0.004, 106.23192142599987
0.004, 106.33194076199993
0.004, 106.43196308899996
0.004, 106.53196141499984
0.004, 106.63198274199999
0.004, 106.73200306800004
0.004, 106.832010395
0.008, 106.93201972099996
0.004, 107.03211104799993
0.004, 107.13217537499986
0.004, 107.23217970099995
0.004, 107.33223902700001
0.004, 107.43220734299985
0.004, 107.53223265899987
0.004, 107.63224797499993
0.004, 107.73225129100001
0.004, 107.83232260799991
0.004, 107.93224992299997
0.004, 108.03232223999998
0.004, 108.13232555599984
0.004, 108.23236487200006
0.004, 108.33235618699996
0.012, 108.432374493
0.008, 108.53237879899984
0.004, 108.632396105
0.004, 108.73239541099997
0.004, 108.83244371699993
0.004, 108.93243702299992
0.004, 109.03251732900003
0.004, 109.13253363399986
0.004, 109.2325519399999
0.004, 109.33255424499998
0.004, 109.43259254099985
0.004, 109.53264383700002
0.004, 109.63261313199996
0.004, 109.73261742799991
0.004, 109.83263172399984
0.004, 109.93264001900002
0.006, 110.03273531499985
0.004, 110.1327486109999
0.004, 110.23278790699987
0.004, 110.33281420100002
0.004, 110.43281448699986
0.004, 110.53282477199991
0.004, 110.6328570579999
0.004, 110.73287334299994
0.004, 110.832875629
0.004, 110.93289091499992
0.004, 111.03296419999992
0.004, 111.13296748599987
0.004, 111.23300077099998
0.004, 111.33301405599991
0.004, 111.43301833099986
0.004, 111.53303660699999
0.016, 111.63306388199999
0.004, 111.73307315800002
0.004, 111.83309843400002
0.004, 111.933137709
0.004, 112.03317598499984
0.004, 112.13318826
0.004, 112.23319653599992
0.004, 112.33322980999992
0.004, 112.43325007599992
0.004, 112.53325134099987
0.004, 112.63326960699987
0.004, 112.733290872
0.004, 112.83329913800003
0.004, 112.93331440399993
0.004, 113.03340866899998
0.006, 113.13340793499992
0.004, 113.23346119999997
0.004, 113.33345246499994
0.004, 113.43378572100005
0.004, 113.53378997699997
0.004, 113.63380023299987
0.004, 113.73382148799988
0.004, 113.83383174400001
0.004, 113.93877401199984
0.004, 114.03880626799992
0.004, 114.13881452400005
0.004, 114.23884877899991
0.004, 114.33884603299998
0.004, 114.43887427899995
0.004, 114.53887352499987
0.004, 114.63888777099987
0.018000000000000002, 114.73897001699993
0.004, 114.83894126299992
0.004, 114.93894050899985
0.004, 115.03901875499992
0.004, 115.13903200000004
0.004, 115.23904324599994
0.004, 115.33906548999994
0.004, 115.43908272699991
0.004, 115.539104963
0.004, 115.63910219900004
0.004, 115.73911943500002
0.004, 115.83912967099991
0.004, 115.93916390699997
0.004, 116.039245144
0.004, 116.13924137999993
0.006, 116.23925361600004
0.004, 116.33927085000005
0.004, 116.43928307700003
0.004, 116.539299303
0.004, 116.63934053000003
0.004, 116.73933475600006
0.004, 116.83934798299993
0.004, 116.93935920900003
0.004, 117.03942843599998
0.004, 117.13944166199985
0.004, 117.239475889
0.004, 117.33947911399991
0.004, 117.43948632999991
0.004, 117.53950654699997
0.004, 117.63950976399997
0.004, 117.73952698099993
0.01, 117.83956419800006
0.004, 117.93957441499992
0.004, 118.039635632
0.004, 118.13964684899997
0.004, 118.23966206599994
0.004, 118.33967628100004
0.004, 118.43970848799995
0.004, 118.53970769600005
0.004, 118.63973490299986
0.004, 118.73975711100002
0.004, 118.83975731800001
0.004, 118.93977052499986
0.004, 119.03985773299996
0.004, 119.13985593999996
0.004, 119.23987114800002
0.006, 119.3398823529999
0.004, 119.43990255099993
0.004, 119.53991574899987
0.004, 119.63994994699988
0.004, 119.73994814499997
0.004, 119.83996134299991
0.004, 119.94001154099988
0.004, 120.04006873899993
0.004, 120.1400739369999
0.004, 120.24010713500002
0.004, 120.34010233100003
0.004, 120.44011851999994
0.004, 120.54013070799988
0.004, 120.64014589699991
0.004, 120.74016908599992
0.004, 120.84019327400006
0.01, 120.94018746300003
0.006, 121.04026165200003
0.004, 121.14027283999985
0.004, 121.24029202899987
0.004, 121.34030921599992
0.004, 121.44034039500002
0.004, 121.54034357399996
0.004, 121.64035275399988
0.004, 121.74038193299998
0.004, 121.84037411200006
0.004, 121.94039929199994
0.004, 122.04049047099988
0.004, 122.14049264999994
0.004, 122.24050782999984
0.004, 122.3405180069999
0.004, 122.44052917699992
0.004, 122.5405483479999
0.004, 122.64058351799986
0.004, 122.74060268799985
0.004, 122.84060285800001
0.004, 122.94060402800005
0.004, 123.04068519799989
0.004, 123.14069536800002
0.004, 123.240724538
0.004, 123.34072570700005
0.004, 123.44073586800005
0.004, 123.54075302899992
0.004, 123.64076219000003
0.004, 123.74078735099988
0.004, 123.84082351200004
0.004, 123.94081667299997
0.008, 124.04089283400003
0.01, 124.14090699500002
0.004, 124.24092315600001
0.004, 124.34305231799999
0.004, 124.44302947000006
0.004, 124.54302062199986
0.004, 124.64302477399997
0.004, 124.74304092500006
0.004, 124.843066077
0.004, 124.94307322899999
0.004, 125.043164381
0.004, 125.143163533
0.004, 125.24317168499988
0.004, 125.34318283499988
0.004, 125.44319797799994
0.004, 125.54321612099989
0.004, 125.6432492639999
0.004, 125.7432474069999
0.004, 125.84327355000005
0.004, 125.94327169200005
0.004, 126.04333883499999
0.004, 126.14335097799994
0.004, 126.24338612099996
0.004, 126.34339326200006
0.004, 126.44339439600003
0.004, 126.54341653000006
0.004, 126.64342166400002
0.004, 126.74345179800002
0.004, 126.84346193199985
0.004, 126.94347406599991
0.004, 127.04354220000005
0.004, 127.143547334
0.014, 127.24356346800005
0.004, 127.34357260000002
0.004, 127.443603725
0.004, 127.54359984999996
0.004, 127.643612975
0.004, 127.74363510099988
0.004, 127.84368122599994
0.004, 127.94369035099999
0.004, 128.0437554759999
0.004, 128.14375460099996
0.004, 128.24377272599986
0.004, 128.343792849
0.004, 128.4438019659999
0.004, 128.54381808199992
0.004, 128.643851198
0.006, 128.74384631499993
0.004, 128.84385743100006
0.004, 128.94387254699996
0.004, 129.0439556639999
0.004, 129.14396478000003
0.004, 129.2439938959999
0.004, 129.34400301100004
0.004, 129.44401011800005
0.004, 129.54402522600003
0.004, 129.6440353339999
0.004, 129.7440484409999
0.004, 129.84408454899994
0.004, 129.94410765599991
0.004, 130.04417176399988
0.004, 130.144173872
0.004, 130.24419597899987
0.02, 130.344210085
0.004, 130.44423818399991
0.004, 130.54423528300003
0.004, 130.64426138199997
0.004, 130.74427148099994
0.004, 130.84429357999988
0.004, 130.94430067899998
0.004, 131.04439477799997
0.004, 131.14439087699998
0.004, 131.24439997599984
0.004, 131.34441807300004
0.004, 131.44443516299998
0.004, 131.544461253
0.004, 131.6444883439999
0.004, 131.74448243400002
0.006, 131.84449852500006
0.004, 131.9445146149999
0.004, 132.04458270500004
0.004, 132.14460679600006
0.004, 132.24463288599986
0.004, 132.34462997499986
0.004, 132.44464405600002
0.004, 132.54466313800003
0.004, 132.64466621999986
0.004, 132.74467630200002
0.004, 132.84471538399998
0.004, 132.944732466
0.004, 133.04478454800005
0.004, 133.14480962900006
0.004, 133.244811711
0.004, 133.34483079100005
0.014, 133.444860865
0.004, 133.54486293800005
0.004, 133.64488101100005
0.004, 133.74488908499984
0.004, 133.84490915800006
0.004, 133.94491923199985
0.004, 134.04503230499995
0.004, 134.14501437900003
0.004, 134.24503845200002
0.004, 134.34505352299993
0.004, 134.44511458800002
0.004, 134.545082653
0.004, 134.64511771799994
0.004, 134.74512378300005
0.004, 134.84512384799996
0.006, 134.94518291400004
0.004, 135.04522297899985
0.004, 135.14522104399998
0.004, 135.24525710900002
0.004, 135.34525617200006
0.004, 135.44526722799992
0.004, 135.54528628499997
0.004, 135.64529934200004
0.004, 135.745319398
0.004, 135.8453514549999
0.004, 135.9453435119999
0.004, 136.04541756899994
0.004, 136.14542262500004
0.004, 136.24544768199985
0.004, 136.34545373699984
0.004, 136.44548878499995
0.008, 136.545494834
0.004, 136.64551288200005
0.004, 136.74552493099986
0.004, 136.84553397900004
0.004, 136.94556002700006
0.004, 137.04564207599992
0.004, 137.145646124
0.004, 137.24565717299993
0.004, 137.34567821899986
0.004, 137.4456832599999
0.004, 137.5456982999999
0.004, 137.64573533999987
0.004, 137.74573037999994
0.004, 137.84573442099986
0.004, 137.94579946099998
0.006, 138.04584250099992
0.004, 138.14585054099985
0.004, 138.2458865819999
0.004, 138.34589861999984
0.004, 138.44589665199987
0.004, 138.54595968399985
0.004, 138.64593271600006
0.004, 138.74596374899988
0.004, 138.845972781
0.004, 138.94596681300004
0.004, 139.04608784499987
0.004, 139.14605087699988
0.004, 139.24606690899986
0.004, 139.34608493899987
0.004, 139.446121963
0.004, 139.546116988
0.008, 139.64612801199996
0.004, 139.74614103599993
0.004, 139.8461500599999
0.004, 139.94616808399996
0.004, 140.04625710799996
0.004, 140.14626913200004
0.004, 140.24628515599989
0.004, 140.34628517800002
0.004, 140.4463151939999
0.004, 140.54631621
0.004, 140.64635522599997
0.004, 140.74635024200006
0.004, 140.84636525799988
0.004, 140.94637627499992
0.004, 141.04645029099993
0.004, 141.146457307
0.004, 141.246488323
0.004, 141.34649233699997
0.004, 141.44651434499997
0.004, 141.546522353
0.004, 141.64652936099992
0.004, 141.74655236900003
0.004, 141.84658337799988
0.004, 141.94658338599993
0.004, 142.04664939400004
0.004, 142.14666840199993
0.004, 142.24667840999996
0.004, 142.34669541599987
0.004, 142.44672941699991
0.004, 142.54673941700003
0.004, 142.646754417
0.008, 142.74677741699998
0.004, 142.84678541799985
0.004, 142.94680141799995
0.004, 143.04689241799997
0.004, 143.146891418
0.004, 143.24690541899986
0.004, 143.34691941699998
0.004, 143.44693440900005
0.004, 143.54696240199996
0.004, 143.6469843939999
0.004, 143.74698638699988
0.004, 143.84700037900006
0.004, 143.9470133719999
0.004, 144.04708336399995
0.004, 144.14710135699988
0.004, 144.2471343489999
0.004, 144.34713733900003
0.004, 144.44714832399995
0.004, 144.54716530899987
0.004, 144.64719129399987
0.004, 144.74719927799993
0.004, 144.8472372629999
0.004, 144.9472202479999
0.004, 145.04731823199995
0.004, 145.147322217
0.004, 145.24734120199992
0.004, 145.34735718399997
0.004, 145.44739116100004
0.004, 145.54739113799997
0.004, 145.64741711500005
0.004, 145.74742309199996
0.006, 145.84743906899985
0.004, 145.94745504599996
0.004, 146.047546023
0.004, 146.14754799999992
0.004, 146.24756597700002
0.004, 146.34757795199994
0.004, 146.44760492199998
0.004, 146.54761589099985
0.004, 146.64765086099987
0.004, 146.74765982999998
0.004, 146.84766479899986
0.004, 146.94767876900005
0.004, 147.04775773799997
0.004, 147.14776770699996
0.004, 147.2478386769999
0.004, 147.3478036439999
0.006, 147.44781260599984
0.004, 147.5478265679999
0.004, 147.64784353000005
0.004, 147.74787349100006
0.004, 147.84790245299996
0.004, 147.94790041500005
0.004, 148.04800237699988
0.004, 148.14798933899988
0.004, 148.24800329999994
0.004, 148.34802825999986
0.004, 148.44805421499996
0.004, 148.54806016899988
0.004, 148.64806612300004
0.004, 148.748099077
0.004, 148.84810403200004
0.004, 148.94811598599995
0.004, 149.0482039399999
0.004, 149.14821389500003
0.004, 149.24822684900005
0.004, 149.34824180099986
0.004, 149.44825874799994
0.004, 149.54826969500004
0.004, 149.64829864199987
0.004, 149.748297588
0.004, 149.84832953499995
0.004, 149.94833848200005
0.004, 150.048413429
0.004, 150.14842237599987
0.004, 150.24845832300002
0.004, 150.34845426699985
0.004, 150.4484722069999
0.006, 150.54848614599996
0.004, 150.64852608599995
0.004, 150.74853602500002
0.004, 150.84855896499994
0.004, 150.94855090400006
0.004, 151.04862684299997
0.004, 151.14863178299993
0.004, 151.24865872199985
0.004, 151.34866566000005
0.004, 151.4487015919999
0.004, 151.54869952399986
0.004, 151.648711456
0.004, 151.74872838800002
0.004, 151.8487523199999
0.004, 151.94876025200006
0.004, 152.04883418500003
0.006, 152.14885411699993
0.004, 152.24890904899985
0.004, 152.34888697899987
0.004, 152.44889690399987
0.004, 152.54891582799996
0.004, 152.64894675300002
0.004, 152.74893967799994
0.004, 152.84897360299988
0.004, 152.94899052799997
0.004, 153.04905245300006
0.004, 153.14906037699984
0.004, 153.2490933019999
0.004, 153.3491072249999
0.004, 153.44911014299987
0.004, 153.54913106000004
0.006, 153.6491369779999
0.004, 153.74915489499995
0.004, 153.84920181300004
0.004, 153.94919573099992
0.004, 154.04925764799987
0.004, 154.14926356599995
0.004, 154.24928448299988
0.004, 154.34929939899985
0.004, 154.44933230900006
0.004, 154.54933622
0.004, 154.6493481299999
0.004, 154.74938404099998
0.004, 154.84938495100005
0.004, 154.94939786199984
0.004, 155.04948977200002
0.004, 155.14948568199998
0.006, 155.2494955929999
0.004, 155.34951450099993
0.004, 155.449539405
0.004, 155.54955030799988
0.004, 155.64958321099994
0.004, 155.74958311499995
0.004, 155.84960101799993
0.004, 155.94961492099992
0.004, 156.04969982399984
0.004, 156.14970472799996
0.004, 156.2497406309999
0.004, 156.34974553200004
0.004, 156.44976042899998
0.004, 156.54977532499993
0.004, 156.6497842209999
0.004, 156.74980311700006
0.004, 156.84983701400006
0.004, 156.94983690999993
0.004, 157.04991780599994
0.004, 157.14992570200002
0.004, 157.24993459899997
0.004, 157.34995149299993
0.004, 157.4499903819999
0.004, 157.54999227200005
0.004, 157.65000116099986
0.004, 157.75002404999987
0.004, 157.8500369389999
0.004, 157.9500558289999
0.004, 158.05014971800006
0.004, 158.15016360699997
0.004, 158.25016649600002
0.004, 158.35017738400006
0.004, 158.45019826599992
0.004, 158.5502141479999
0.004, 158.65024402999984
0.004, 158.75025791300004
0.004, 158.85025679499995
0.004, 158.95026967700005
0.004, 159.05034455999998
0.004, 159.15035944199985
0.004, 159.25039332400002
0.004, 159.35039620499992
0.004, 159.45040707999988
0.004, 159.550433956
0.004, 159.65043783099986
0.004, 159.75045270600003
0.004, 159.85047658200006
0.004, 159.950495457
0.004, 160.05056933299988
0.004, 160.15057720799996
0.004, 160.25060608299987
0.004, 160.35061695700006
0.004, 160.45064482499993
0.004, 160.55064669399985
0.004, 160.65067556300005
0.004, 160.750671431
0.004, 160.8506863
0.004, 160.9507081679999
0.004, 161.05080003700004
0.004, 161.15080390499998
0.004, 161.25082477399997
0.004, 161.350839641
0.004, 161.450847502
0.004, 161.55086236399984
0.004, 161.65090222599997
0.004, 161.75089508799988
0.004, 161.85091194999995
0.004, 161.95092281100005
0.004, 162.05099667299987
0.004, 162.15101153499995
0.004, 162.25105639699996
0.004, 162.3510472569999
0.004, 162.45105311199995
0.004, 162.55107496699998
0.004, 162.6510878219999
0.004, 162.7511256769999
0.004, 162.85113753199994
0.004, 162.9511363869999
0.004, 163.05120424200004
0.004, 163.15125809699998
0.004, 163.25124395199987
0.004, 163.3512678049999
0.004, 163.45129365399998
0.004, 163.55129050200003
0.004, 163.65130335000003
0.004, 163.75133319899987
0.004, 163.85133704700002
0.004, 163.951349896
0.004, 164.05144674400003
0.004, 164.15144859199995
0.004, 164.25145944099995
0.004, 164.35148828699994
0.004, 164.45149312900003
0.004, 164.55150797099986
0.004, 164.65154481199988
0.004, 164.75154265399988
0.004, 164.85156349599993
0.004, 164.9515673379999
0.004, 165.05164617900004
0.004, 165.1516530209999
0.004, 165.25173386300003
0.004, 165.35169270300003
0.004, 165.45171553799992
0.004, 165.55172737299995
0.004, 165.65176220800004
0.004, 165.75177404299984
0.004, 165.85179987900005
0.004, 165.9517917139999
0.004, 166.0518605489999
0.004, 166.15187538400005
0.004, 166.25188321899986
0.004, 166.35191605299997
0.004, 166.4519528809999
0.004, 166.55194671000004
0.004, 166.6519605389999
0.004, 166.75200036699994
0.004, 166.85200119599995
0.004, 166.95199802499997
0.004, 167.05210985300005
0.004, 167.15210668199984
0.004, 167.25217451000003
0.004, 167.35218633699992
0.004, 167.45221815900004
0.004, 167.5522169809999
0.004, 167.6522438039999
0.004, 167.75225162599986
0.004, 167.85223944799986
0.004, 167.95228526999995
0.004, 168.05232809199993
0.004, 168.15234191499985
0.004, 168.25236973699998
0.004, 168.35237355699996
0.004, 168.45239337299995
0.004, 168.55241918899992
0.004, 168.65242100399996
0.004, 168.75243781999984
0.004, 168.8524746359999
0.004, 168.95246845199995
0.004, 169.05254226700004
0.004, 169.15256208300002
0.004, 169.25257389900003
0.004, 169.35258271299995
0.004, 169.45261752199985
0.004, 169.55262833100005
0.004, 169.65262914100003
0.004, 169.75264794999998
0.004, 169.85266376000004
0.004, 169.95268356899987
0.004, 170.052816378
0.004, 170.15279718800002
0.004, 170.2528029969999
0.004, 170.35283480499993
0.004, 170.45283460799988
0.004, 170.552848411
0.004, 170.65289921399994
0.004, 170.752902017
0.004, 170.85292781999988
0.004, 170.9529406229999
0.004, 171.053013426
0.004, 171.15303222900002
0.004, 171.25305703200002
0.004, 171.35305983299986
0.004, 171.45307963000005
0.004, 171.5530984269999
0.004, 171.65312522399995
0.004, 171.75313001999984
0.004, 171.8531588169999
0.004, 171.95319461400004
0.004, 172.05323941100005
0.004, 172.15324720800004
0.004, 172.2532620039999
0.004, 172.35327479900002
0.004, 172.45331659
0.004, 172.55331137999997
0.004, 172.65333217099987
0.004, 172.75333896100005
0.004, 172.85335075199987
0.004, 172.95336154300003
0.004, 173.05346433299997
0.004, 173.15349212399997
0.004, 173.25350091399991
0.004, 173.35351170299987
0.004, 173.45353048699985
0.004, 173.55355227199993
0.004, 173.65357005600004
0.004, 173.75357484000006
0.004, 173.85358962500004
0.004, 173.95363540899984
0.004, 174.05366119399991
0.004, 174.15369797799985
0.004, 174.25371776199995
0.004, 174.35372254499998
0.004, 174.45373232299994
0.004, 174.55374810099988
0.004, 174.65375588000006
0.004, 174.75380065800005
0.004, 174.8538114359999
0.004, 174.95381021499998
0.004, 175.053885993
0.004, 175.15389577099995
0.004, 175.2539075489999
0.004, 175.35392532599985
0.004, 175.45395809799993
0.004, 175.55396786999995
0.004, 175.65397864199986
0.004, 175.753981414
0.004, 175.85401518699996
0.004, 175.954018959
0.004, 176.05410673100005
0.004, 176.154097503
0.004, 176.25413527499995
0.004, 176.35414604599987
0.004, 176.45416281200005
0.004, 176.5541765779999
0.004, 176.65420234399994
0.004, 176.75420211000005
0.004, 176.85422687599998
0.004, 176.95423764299994
0.004, 177.054304409
0.004, 177.15431917499996
0.004, 177.254348941
0.004, 177.3543467049999
0.004, 177.4543674649999
0.004, 177.55438022599992
0.004, 177.65440598600003
0.004, 177.75441274599984
0.004, 177.85445250599992
0.004, 177.95449326599987
0.004, 178.05453502599994
0.004, 178.154539786
0.004, 178.25456054699998
0.004, 178.35457530500003
0.004, 178.45460005899986
0.004, 178.55460681299996
0.004, 178.65461756800005
0.004, 178.754645322
0.004, 178.85465207599987
0.004, 178.95467783000004
0.004, 179.05476058399995
0.004, 179.15475833899995
0.004, 179.25477109300004
0.004, 179.35478484500004
0.004, 179.45479859399984
0.004, 179.55481634199987
0.004, 179.65484708999998
0.004, 179.7548518389999
0.004, 179.85485958699996
0.004, 179.95488633499986
0.004, 180.0549430839999
0.004, 180.15499283200006
0.004, 180.25499358000002
0.004, 180.35500732699984
0.004, 180.45500706899998
0.004, 180.55501981199995
0.004, 180.65504755400002
0.004, 180.75507829699995
0.004, 180.85507203899988
0.004, 180.95509378199995
0.004, 181.055174524
0.004, 181.1551682669999
0.004, 181.25519900899985
0.004, 181.35525774999996
0.004, 181.45522848699989
0.004, 181.5552592229999
0.004, 181.65525495999987
0.004, 181.75527069700001
0.004, 181.85528043299996
0.004, 181.95530916999996
0.004, 182.05537690699998
0.004, 182.15540464299988
0.004, 182.25540337999996
0.004, 182.35541811500002
0.004, 182.45544584599998
0.004, 182.55545357699998
0.004, 182.65546930799997
0.004, 182.755510039
0.004, 182.85550177000005
0.004, 182.9555205009999
0.004, 183.05559923099986
0.004, 183.15560796199998
0.004, 183.25561569299998
0.004, 183.35565942199992
0.004, 183.455659148
0.004, 183.55567387299993
0.004, 183.65568859799987
0.004, 183.75570032299993
0.004, 183.85571804899996
0.004, 183.95575077399985
0.004, 184.0558114989999
0.004, 184.15583522399993
0.004, 184.2558379489999
0.004, 184.36305765299994
0.004, 184.46306837199995
0.004, 184.56302709199986
0.004, 184.6630178119999
0.004, 184.76302753100003
0.004, 184.8630492509999
0.004, 184.9630639699999
0.004, 185.0631606899999
0.004, 185.16317240900003
0.004, 185.26316512899984
0.004, 185.36318584599985
0.004, 185.46320156000002
0.004, 185.56321627399984
0.004, 185.66324798799997
0.004, 185.76323270199987
0.004, 185.8632614159999
0.004, 185.96327313000006
0.004, 186.06335184399995
0.004, 186.16337555799987
0.004, 186.26338427199994
0.004, 186.3634039829999
0.004, 186.463418692
0.004, 186.5634404
0.004, 186.6634511079999
0.004, 186.76347181699998
0.004, 186.86351152499992
0.004, 186.96350523399997
0.004, 187.06356894199985
0.004, 187.16358064999986
0.004, 187.26360135899995
0.004, 187.36361506499998
0.004, 187.46361976799994
0.004, 187.56365546999996
0.004, 187.66365917300004
0.004, 187.7636608759999
0.004, 187.86368757900004
0.004, 187.96370728199986
0.004, 188.0637679849999
0.004, 188.16380468700004
0.004, 188.26380139000003
0.004, 188.363816091
0.004, 188.463830788
0.004, 188.563847486
0.004, 188.66387318299985
0.004, 188.76388787999986
0.004, 188.86389957799997
0.004, 188.96390027500001
0.004, 189.06399197199994
0.004, 189.16399466999997
0.004, 189.26400236699988
0.004, 189.36404406199995
0.004, 189.46403975399994
0.004, 189.56405744599988
0.004, 189.66406813799995
0.004, 189.76408782999988
0.004, 189.86410152200006
0.004, 189.96413321299997
0.004, 190.06418690500004
0.004, 190.16421359699984
0.004, 190.26420828899995
0.004, 190.36425297899996
0.004, 190.4642536649999
0.004, 190.56428435199996
0.004, 190.66429303799987
0.004, 190.76430672499987
0.004, 190.86430941100002
0.004, 190.9643240979999
0.004, 191.0643907839999
0.004, 191.16442947099995
0.004, 191.26441315700004
0.004, 191.3644458409999
0.004, 191.46444852299987
0.004, 191.56446520400004
0.004, 191.664479885
0.004, 191.76450156600004
0.004, 191.86451924699986
0.004, 191.96452492799995
0.004, 192.06459460899987
0.004, 192.16460529100004
0.004, 192.2646109719999
0.004, 192.3646606499999
0.004, 192.46466632600004
0.004, 192.56467000199996
0.004, 192.66468067799997
0.004, 192.76468635399988
0.004, 192.86472602999993
0.004, 192.96474670499992
0.004, 193.06480238099994
0.004, 193.16482105699993
0.004, 193.26482673300006
0.004, 193.36485240599995
0.004, 193.46487707699998
0.004, 193.56489874699992
0.004, 193.66490241799988
0.004, 193.76490708899996
0.004, 193.864937759
0.004, 193.9649574299999
0.004, 194.06502409999985
0.004, 194.16505777099997
0.004, 194.26504544099998
0.004, 194.36511410899993
0.004, 194.46511477499985
0.004, 194.56511144
0.004, 194.66512010499991
0.004, 194.76514577099988
0.004, 194.86515243600002
0.004, 194.9651751009999
0.004, 195.065238766
0.004, 195.16525143199988
0.004, 195.26525109699992
0.004, 195.36529675999986
0.004, 195.46530041999995
0.004, 195.56532407999998
0.004, 195.66533174100005
0.004, 195.7653354009999
0.004, 195.86536006100005
0.004, 195.96539672099993
0.004, 196.06544038099992
0.004, 196.16547004099994
0.004, 196.26546970100003
0.004, 196.36549035899998
0.004, 196.46550801399985
0.004, 196.56554466900002
0.004, 196.66553632399996
0.004, 196.76554197899986
0.004, 196.86557063400005
0.004, 196.96559028899992
0.004, 197.06565494400002
0.004, 197.16568459799987
0.004, 197.26567225300005
0.004, 197.36569590599993
0.004, 197.46571055599998
0.004, 197.565735206
0.004, 197.66575585600003
0.004, 197.76577250599985
0.004, 197.86578015500004
0.004, 197.965787805
0.004, 198.06587945499996
0.004, 198.16592010499994
0.004, 198.26590675500006
0.004, 198.36593540199988
0.004, 198.46593004700003
0.004, 198.565947692
0.004, 198.66597033699986
0.004, 198.76598298099998
0.004, 198.86599262599998
0.004, 198.96602627099992
0.004, 199.06608791500003
0.004, 199.16609356000004
0.004, 199.26609920500005
0.004, 199.36612084800004
0.004, 199.46613748699997
0.004, 199.56617212699985
0.004, 199.66617376699992
0.004, 199.76618440599987
0.004, 199.8661980459999
0.004, 199.96624668599998
0.004, 200.06630532500003
0.004, 200.16633696500003
0.004, 200.26632160500003
0.004, 200.36636124200004
0.004, 200.46636687699993
0.004, 200.5663835119999
0.004, 200.66641014699985
0.004, 200.76642478099984
0.004, 200.86643041599996
0.004, 200.96644205100006
0.004, 201.066517685
0.004, 201.16653631999998
0.004, 201.26653595499988
0.004, 201.36657558699994
0.004, 201.4665792169999
0.004, 201.56659384699992
0.004, 201.66661147700006
0.004, 201.76662910699997
0.004, 201.86665573599998
0.004, 201.96667936599988
0.004, 202.0667409959999
0.004, 202.16675062499985
0.004, 202.2667592549999
0.004, 202.36678288300004
0.004, 202.4668015079999
0.004, 202.56683513200005
0.004, 202.66683175699995
0.004, 202.76684838200003
0.004, 202.86687800699997
0.004, 202.96687863199986
0.004, 203.06694925700003
0.004, 203.16697188099988
0.004, 203.26698250599998
0.004, 203.36700412899995
0.004, 203.46701474899987
0.004, 203.56703636899988
0.004, 203.66704698900003
0.004, 203.76707060900003
0.004, 203.8670972289999
0.004, 203.96710784900006
0.004, 204.06717046899985
0.004, 204.16718408899987
0.004, 204.26718070900006
0.004, 204.3672333259999
0.004, 204.467232942
0.004, 204.56729255699997
0.004, 204.66726217199994
0.004, 204.76726678699993
0.004, 204.86729440199997
0.004, 204.96733401699998
0.004, 205.067375632
0.004, 205.16739924700005
0.004, 205.26739686299993
0.004, 205.36742947499988
0.004, 205.4674360859999
0.004, 205.56747169599998
0.004, 205.66747030600004
0.004, 205.76747591699996
0.004, 205.86750052699995
0.004, 205.96752813700004
0.004, 206.06759074799993
0.004, 206.1676213579999
0.004, 206.2676049679999
0.004, 206.367630576
0.004, 206.46764218199996
0.004, 206.5676577879999
0.004, 206.66767339299986
0.004, 206.76770399899988
0.004, 206.86770860399997
0.004, 206.9677282099999
0.004, 207.06779181499996
0.004, 207.16780142099992
0.004, 207.2678110259999
0.004, 207.36785463
0.004, 207.46785323099994
0.004, 207.56786583100006
0.004, 207.66787943200006
0.004, 207.76788903299985
0.004, 207.86790463399984
0.004, 207.96794023500001
0.004, 208.068008835
0.004, 208.16801043600003
0.004, 208.26804603699998
0.004, 208.36804563600003
0.004, 208.46805623199998
0.004, 208.56808982799998
0.004, 208.66808542399986
0.004, 208.76809002000005
0.004, 208.86811861699994
0.004, 208.968132213
0.004, 209.06821380899987
0.004, 209.1682374049999
0.004, 209.2682260009999
0.004, 209.36825459500005
0.004, 209.46827418599992
0.004, 209.56828377800002
0.004, 209.6682953689999
0.004, 209.76831796099987
0.004, 209.86832855199987
0.004, 209.96833714399986
0.004, 210.06840373499995
0.004, 210.168433327
0.004, 210.26842391800005
0.004, 210.36847350699986
0.004, 210.46846509399984
0.004, 210.568476681
0.004, 210.66850726799998
0.004, 210.76851685499992
0.004, 210.86852744199996
0.004, 210.96854302899987
0.004, 211.06861661499988
0.004, 211.1686352019999
0.004, 211.26863278899987
0.004, 211.36866337399988
0.004, 211.46867895599985
0.004, 211.56871753799987
0.004, 211.6687051209999
0.004, 211.76871670299988
0.004, 211.86874628500004
0.004, 211.9687528679999
0.004, 212.06882444999997
0.004, 212.1688580319999
0.004, 212.26884261400005
0.004, 212.368870194
0.004, 212.46888077199992
0.004, 212.56889335000005
0.004, 212.66890892800006
0.004, 212.76893350499995
0.004, 212.86893608299988
0.004, 212.968956661
0.004, 213.06902823799987
0.004, 213.16905081599998
0.004, 213.269058394
0.004, 213.369093969
0.004, 213.46909354299987
0.004, 213.56910711599994
0.004, 213.66913168899987
0.004, 213.76912926199998
0.004, 213.869162836
0.004, 213.96919240900002
0.004, 214.0692779819999
0.004, 214.16926355500004
0.004, 214.26928312799987
0.004, 214.36929969899984
0.004, 214.46931726799994
0.004, 214.56935183699989
0.004, 214.66934240599994
0.004, 214.76936397400004
0.004, 214.86937054300006
0.004, 214.96938711200005
0.004, 215.06946068000002
0.004, 215.16948924899998
0.004, 215.26947881799993
0.004, 215.3695133839999
0.004, 215.46951194899998
0.004, 215.5695335129999
0.004, 215.66954207699996
0.004, 215.76956964199985
0.004, 215.86957820599991
0.004, 215.96959876999995
0.004, 216.06970433399988
0.004, 216.16969489899998
0.004, 216.26969746300006
0.004, 216.36975402500002
0.004, 216.46974458499994
0.004, 216.569775145
0.004, 216.669778705
0.004, 216.769778265
0.004, 216.86980682499984
0.004, 216.96984738499987
0.004, 217.06990394399986
0.004, 217.16991650399996
0.004, 217.26991706399986
0.004, 217.36993962199995
0.004, 217.46997517699992
0.004, 217.56999373300005
0.004, 217.670041288
0.004, 217.77000384400003
0.004, 217.87002939900003
0.004, 217.970058955
0.004, 218.07010650999996
0.004, 218.1701970659999
0.004, 218.2701306209999
0.004, 218.3701621749999
0.004, 218.47018172599996
0.004, 218.57019227699993
0.004, 218.67019982800002
0.004, 218.77022738000005
0.004, 218.87023293099992
0.004, 218.970238482
0.004, 219.07031103300005
0.004, 219.170327584
0.004, 219.270332135
0.004, 219.3703746839999
0.004, 219.47038023100004
0.004, 219.57039177799993
0.004, 219.67040332500005
0.004, 219.77040787199985
0.004, 219.87043841900004
0.004, 219.9704619659999
0.004, 220.07051951199992
0.004, 220.1705380589999
0.004, 220.27053960600006
0.004, 220.37057115099992
0.004, 220.47058069399986
0.004, 220.57061823599997
0.004, 220.67061977899994
0.004, 220.77061032200004
0.004, 220.87063986399994
0.004, 220.97065340699987
0.004, 221.0707229489999
0.004, 221.17074549199992
0.004, 221.27073203400005
0.004, 221.37076357499996
0.004, 221.47077411300006
0.004, 221.5708006519999
0.004, 221.6708081899999
0.004, 221.77082772799986
0.004, 221.87084326700005
0.004, 221.97085880500003
0.004, 222.0709243429999
0.004, 222.17093688199998
0.004, 222.27094341999987
0.004, 222.3709899559999
0.004, 222.47098349099997
0.004, 222.57101002499985
0.004, 222.6710175589999
0.004, 222.77103609300002
0.004, 222.87104962700005
0.004, 222.97107416099993
0.004, 223.07113569499984
0.004, 223.1711822289999
0.004, 223.271161764
0.004, 223.3711922959999
0.004, 223.47119982599997
0.004, 223.5712283559999
0.004, 223.67124888600006
0.002, 223.77123341599986
0.004, 223.8712549459999
0.004, 223.97126947599986
