121, 0.0029765889999566753
101, 0.01281525399997463
100, 0.0226304819999541
102, 0.03243982399999368
102, 0.04225213600000188
101, 0.05205996799998047
103, 0.06186446699996395
101, 0.07173068399998783
99, 0.08163637999996354
101, 0.0915218669999831
99, 0.10140787599999612
100, 0.11129607199995917
100, 0.1211803619999614
99, 0.13106433899997683
102, 0.14094774399995913
98, 0.1508309919999533
99, 0.1607385099999874
101, 0.1706650919999788
99, 0.180554380999979
99, 0.19044132699997363
102, 0.20033134599998448
97, 0.21021995899997137
103, 0.22012539399997877
102, 0.23001942399997688
99, 0.24026423099996919
100, 0.25019721899997194
99, 0.26011411199999657
101, 0.2700045479999744
100, 0.2798905039999795
101, 0.28977745099996355
101, 0.2996671569999876
100, 0.3095518109999489
100, 0.319454329999985
99, 0.32933867199994893
100, 0.3392237949999526
102, 0.3491319909999788
101, 0.35902070800000274
99, 0.36890234199995575
99, 0.3788091829999871
99, 0.388693524999951
103, 0.3985807839999893
100, 0.40848147999997764
100, 0.41837061299997913
100, 0.4282513609999796
97, 0.4381326829999921
101, 0.4480149929999584
100, 0.45789740799995116
97, 0.467787426999962
100, 0.47767114399999855
99, 0.4875747039999965
100, 0.4974581609999973
101, 0.5073392740000031
100, 0.5172226259999775
102, 0.5271043639999675
99, 0.5369868309999788
100, 0.5468889329999911
99, 0.5567758789999857
99, 0.5666631899999857
99, 0.5765437289999795
99, 0.5864514569999528
101, 0.5963342359999615
101, 0.6062186300000008
100, 0.6161016179999592
102, 0.6259849179999719
97, 0.6358668639999792
98, 0.6457454769999913
103, 0.6556263809999905
99, 0.6673566449999839
100, 0.6775356199999578
98, 0.6877089689999707
101, 0.6978804439999635
101, 0.7080589499999519
102, 0.718235945999993
99, 0.7284577849999891
99, 0.7386301969999636
98, 0.7488451609999629
99, 0.75902731299999
100, 0.7692399860000023
98, 0.7794622929999946
99, 0.789637569999968
98, 0.7998151909999933
98, 0.8099812489999749
98, 0.8201618909999979
100, 0.8303264900000045
98, 0.8405396320000023
99, 0.8507191269999907
100, 0.8609036749999746
101, 0.8711203059999661
100, 0.8812898529999984
99, 0.8915033589999553
99, 0.9016793129999883
100, 0.9118525069999919
102, 0.9220626270000025
101, 0.9322380079999562
97, 0.9424138059999905
99, 0.9525848639999595
100, 0.9627971719999664
102, 0.9729659899999774
99, 0.9831702779999887
98, 0.9933461269999952
97, 1.0035191650000002
99, 1.0137390249999498
101, 1.0239134679999893
99, 1.0340924949999817
100, 1.0442596469999899
97, 1.0544265909999808
99, 1.0646385339999824
98, 1.0748553729999912
101, 1.0850379929999576
101, 1.0952101969999717
99, 1.1053844329999833
99, 1.1155584599999884
98, 1.1257310279999615
99, 1.1359442209999884
99, 1.146116008999968
98, 1.15629222299998
98, 1.1665233329999865
102, 1.1767060579999793
99, 1.1868831580000005
99, 1.1970633299999918
96, 1.2072410549999972
101, 1.217412268999965
101, 1.2276255669999614
99, 1.2378021979999971
99, 1.247985390999986
100, 1.2581555119999734
100, 1.2684029239999859
98, 1.2785903879999978
101, 1.2887642590000041
98, 1.2989406289999579
99, 1.30911387499998
99, 1.3192952459999674
102, 1.3295022410000001
99, 1.3396727260000034
101, 1.3498676909999858
99, 1.3600446339999621
101, 1.370252827999991
101, 1.3804223749999665
101, 1.3906030169999894
102, 1.4007668879999642
101, 1.4109725809999532
102, 1.4211496809999744
102, 1.431326571999989
102, 1.4415015889999836
105, 1.4516841569999883
103, 1.4618646939999849
102, 1.4720747629999664
103, 1.4823007159999975
104, 1.4924841699999547
103, 1.5027121549999833
105, 1.5128903489999743
105, 1.5230695319999654
103, 1.5332516309999846
108, 1.5434252939999737
107, 1.5535977579999667
107, 1.563807306000001
110, 1.5740272699999878
111, 1.5842333800000006
110, 1.5944074589999673
106, 1.6045881519999625
111, 1.6148153039999897
109, 1.624985684999956
110, 1.636225588000002
114, 1.6474788239999612
113, 1.6587217999999666
113, 1.6699750889999905
114, 1.681225928999993
116, 1.6924765619999675
117, 1.7037570370000026
118, 1.7150034509999728
119, 1.726273249999963
119, 1.7375692979999826
119, 1.7488549299999931
120, 1.7601037389999874
121, 1.771399214999974
125, 1.7826984409999795
123, 1.7939441769999576
122, 1.8051958509999508
122, 1.8164565349999862
125, 1.8277098239999532
125, 1.8389567579999948
121, 1.85020640099998
123, 1.8614713559999814
126, 1.8727835499999514
125, 1.8840362649999634
127, 1.8953276259999825
127, 1.9066187789999844
128, 1.9178765989999533
129, 1.9291270229999782
130, 1.9403702589999625
130, 1.951660525999955
128, 1.9629064709999966
128, 1.9742254359999833
131, 1.985505130999968
133, 1.99675784599998
131, 2.008010196999976
133, 2.019262026999968
130, 2.030550575999996
134, 2.041802301999951
132, 2.053045173999976
132, 2.0642871079999736
132, 2.0755459169999995
133, 2.0868055599999593
132, 2.098050983999997
132, 2.1093003659999567
134, 2.1206058939999934
134, 2.131865275999985
134, 2.1431452309999486
131, 2.1543913839999504
134, 2.1656410269999924
132, 2.1768933779999884
135, 2.188138488999982
134, 2.199416828999972
133, 2.2106742839999924
131, 2.2219292919999702
134, 2.233189299000003
132, 2.244434357999978
132, 2.2556904069999746
133, 2.2669424449999838
135, 2.278227764999997
132, 2.2895124589999796
132, 2.300773300000003
131, 2.3120625249999875
132, 2.3233095119999803
131, 2.334555924999961
127, 2.3458147349999763
130, 2.3570618249999598
130, 2.368343394999954
126, 2.379618870999991
129, 2.390878200999964
126, 2.402122113999951
127, 2.4133622779999655
122, 2.4256931609999697
123, 2.4369500429999675
125, 2.4482035399999518
122, 2.4594903179999505
120, 2.4707756369999743
119, 2.482058664999954
120, 2.493303307999952
118, 2.5045505549999802
119, 2.515807592999977
118, 2.5270871309999734
116, 2.5383771899999488
114, 2.549618030999966
115, 2.5608641839999677
112, 2.57107992899995
112, 2.5812624459999824
111, 2.591437305999989
110, 2.6016544579999845
107, 2.611824057999968
107, 2.621997667999949
107, 2.6321779969999852
105, 2.64235410699996
107, 2.6525259989999768
104, 2.6627374209999743
107, 2.6729426979999857
102, 2.6831610469999987
104, 2.6933368969999947
105, 2.7035250379999525
102, 2.713737554999966
101, 2.723914914999966
102, 2.7340848270000038
102, 2.744265676999987
101, 2.754431162000003
101, 2.76460784599999
101, 2.7748573929999907
100, 2.785036679999962
103, 2.7952176339999824
99, 2.805385618999992
101, 2.815567041999998
99, 2.8257389329999683
101, 2.8359498869999697
99, 2.846133705999989
99, 2.856310232999988
98, 2.8665263429999754
100, 2.876691254999969
98, 2.8868710109999824
100, 2.897074309000004
100, 2.907249168999954
100, 2.9174306959999967
102, 2.9276413369999545
102, 2.937819529999956
100, 2.9479944429999705
103, 2.958177427999999
102, 2.9683798399999546
103, 2.9785945959999935
103, 2.9887715909999883
102, 2.9989579100000014
104, 3.0091349059999857
103, 3.019297370000004
105, 3.0295116570000005
105, 3.03968083999996
106, 3.0498474190000024
104, 3.0600328529999956
110, 3.070214066999995
107, 3.0804266349999807
108, 3.0905938389999505
109, 3.1007765640000002
108, 3.110996631999967
107, 3.121167689999993
107, 3.131348748999983
111, 3.1415699109999764
111, 3.1517499789999874
113, 3.1619146829999636
113, 3.172125219999998
113, 3.1823002889999543
113, 3.1935439419999625
114, 3.204826969999999
117, 3.216083330999993
117, 3.227328962999991
116, 3.2385818869999525
116, 3.2498393939999914
117, 3.2610982559999684
123, 3.2723498259999815
119, 3.283596655999986
120, 3.2948877039999616
122, 3.3061389619999773
121, 3.3173855309999567
119, 3.328627413999982
121, 3.3399271079999835
121, 3.3511782089999542
122, 3.362426288999984
123, 3.3737084839999625
120, 3.3849928660000046
123, 3.396245945999965
120, 3.407491942999968
124, 3.418734970999992
122, 3.4299832589999824
122, 3.441228214999967
124, 3.452475513999957
123, 3.463764894999997
120, 3.475023495999949
121, 3.4862994409999715
121, 3.4975817919999486
120, 3.5088679969999816
122, 3.5201189409999643
120, 3.531373531999975
122, 3.542654319999997
121, 3.553906045999952
118, 3.5651626159999523
116, 3.5764179359999844
120, 3.5876676819999602
120, 3.598918002000005
118, 3.610169571999961
116, 3.6214144749999946
115, 3.6327063049999992
115, 3.6439643329999853
117, 3.6541370580000034
115, 3.664885142000003
115, 3.675069637999968
111, 3.6852976229999967
110, 3.6955112849999523
108, 3.7056946870000047
110, 3.7158730879999666
106, 3.7260444069999608
109, 3.7362205169999925
107, 3.746386835999999
107, 3.7565970079999715
105, 3.766780826999991
106, 3.776999228999955
108, 3.7872103909999737
106, 3.7973818129999586
106, 3.8076012569999875
101, 3.817775491999953
103, 3.8279443109999534
102, 3.8381317230000036
103, 3.848351634999972
102, 3.858527796999965
102, 3.8687069279999946
102, 3.8789272569999866
101, 3.889110918999961
101, 3.8992921859999683
100, 3.9095076179999637
101, 3.919689926999979
98, 3.9298984839999775
100, 3.9400734489999536
98, 3.9502521109999975
102, 3.96043025299997
99, 3.9705998529999533
99, 3.9808018479999987
103, 3.991018894999968
100, 4.001193182999998
97, 4.011359188999961
101, 4.021575298999949
101, 4.031750679999959
102, 4.041921113000001
99, 4.052120973000001
101, 4.062293697999962
101, 4.072467464999988
103, 4.082707740999979
100, 4.092885621999983
101, 4.1030587119999495
102, 4.113230238999961
101, 4.123397910999984
103, 4.133574125999985
104, 4.1437832569999955
105, 4.1539572840000005
106, 4.164138342000001
105, 4.17431299399999
106, 4.18452238499998
107, 4.194748494999999
107, 4.204926323999985
109, 4.2150997259999485
107, 4.225275627999963
109, 4.2354915809999625
112, 4.245671128999959
111, 4.255847707999976
113, 4.267090891999999
115, 4.278389232999984
115, 4.289638666999963
116, 4.300878830999977
118, 4.312120764999975
118, 4.323373792999973
117, 4.334614841999951
119, 4.345937764999974
124, 4.357188345999987
122, 4.36846361299996
121, 4.379706016
121, 4.39101732499995
124, 4.402267540999958
126, 4.413515829000005
126, 4.42480687799997
126, 4.436045895999996
126, 4.447299287999954
126, 4.458545180999977
129, 4.469797114999949
130, 4.481039153999973
129, 4.492323691999957
131, 4.5035773449999965
133, 4.514875320999977
132, 4.526118035999957
129, 4.537367574999962
133, 4.548614560999965
133, 4.559903161999955
133, 4.571147231999987
133, 4.582399479000003
137, 4.593717349999963
131, 4.6049621489999595
135, 4.616211792000001
133, 4.627465965999988
134, 4.638706805999959
133, 4.649958427999991
132, 4.661207757999989
133, 4.672453390999976
132, 4.6837358459999905
134, 4.694996633999949
134, 4.706252734999964
132, 4.717501439999978
132, 4.728754832999982
132, 4.739995985999997
131, 4.751245732999962
127, 4.7624845419999815
131, 4.773771579999959
129, 4.785046743999999
127, 4.796302844999957
126, 4.8075861329999725
125, 4.8188872339999875
124, 4.830131771999959
125, 4.841387716999975
119, 4.852668504999997
124, 4.86391939799995
121, 4.87517403999999
118, 4.886462276999964
119, 4.89770905499995
118, 4.9089556239999865
119, 4.920210422999958
117, 4.931464128999949
115, 4.942744707999964
115, 4.953991954999992
114, 4.964210512999955
114, 4.9754979679999565
111, 4.985672464000004
111, 4.995875239999975
109, 5.006052964999981
110, 5.016219439999986
111, 5.026405133999958
107, 5.03662077499996
108, 5.04679912499995
109, 5.057012630999964
107, 5.067170771999997
107, 5.077360319999968
106, 5.087692469999979
106, 5.097901027999967
106, 5.108078544999955
102, 5.118262831999971
103, 5.128443785999991
104, 5.13861583399995
101, 5.150977706999981
102, 5.16115532699996
100, 5.1713267499999915
102, 5.181502651999949
101, 5.191679543999953
99, 5.201852892999966
100, 5.21206363899995
100, 5.222242561999963
100, 5.232421483999985
100, 5.242624833999969
99, 5.252804798
100, 5.262984033999999
98, 5.273194466999996
99, 5.283365263999997
100, 5.293573300999981
100, 5.3037873279999985
102, 5.313951250999992
101, 5.3241224649999594
101, 5.334297273999994
100, 5.3444645820000005
100, 5.354633087999957
101, 5.364863155999956
100, 5.375035828999955
101, 5.385214542999961
103, 5.395383882999965
103, 5.405565982999974
106, 5.415737041
104, 5.4259397139999805
104, 5.4361173339999596
105, 5.446294381999962
104, 5.456507522999971
105, 5.466678634000004
106, 5.476851514999964
106, 5.487052103999986
105, 5.497261911999999
108, 5.507444063999969
107, 5.517662412999982
108, 5.527838262999978
108, 5.538001404999989
111, 5.548178296000003
110, 5.558377167000003
110, 5.568550464999987
111, 5.578721470999994
111, 5.588925705999998
113, 5.599109888999976
114, 5.610354374999986
112, 5.620566370999995
116, 5.631805337000003
117, 5.643056124999987
117, 5.654303163999998
115, 5.665560097999958
118, 5.676800469999989
119, 5.688044851999962
118, 5.699323192999998
119, 5.710619084999962
118, 5.721868884000003
119, 5.733152484999948
120, 5.744398845999967
120, 5.755651456999999
122, 5.766901360999952
124, 5.778141367999979
121, 5.789429864999988
119, 5.800683517999971
122, 5.811944774999972
122, 5.8231880109999565
121, 5.8344474979999745
121, 5.8456983899999955
120, 5.856993448999958
120, 5.868232519000003
121, 5.879522473999998
123, 5.89077539799996
118, 5.902064467000002
118, 5.913310151999951
118, 5.924559533999968
120, 5.93580558299999
117, 5.947055225999975
118, 5.9583455970000045
119, 5.969591020999985
115, 5.9808423309999625
118, 5.992120930999988
116, 6.003378125999973
113, 6.014631257999952
113, 6.024843565999959
112, 6.036094093999964
112, 6.046274006999965
113, 6.056445949999954
113, 6.066619403999994
111, 6.076796920999982
110, 6.087010999999961
110, 6.0972198700000035
110, 6.107396709999989
109, 6.117618860999983
108, 6.127801949999991
107, 6.1379761339999845
106, 6.148152347999996
106, 6.158383144999959
107, 6.168556234999983
105, 6.178733073999979
105, 6.188922569999988
104, 6.199130658999991
104, 6.209307706999994
104, 6.219521472999986
103, 6.229701645999967
102, 6.239910567999971
101, 6.2500891789999855
101, 6.260273673999961
100, 6.270483429999956
102, 6.280669279999984
101, 6.290838307000001
99, 6.301045666999983
100, 6.311216151999986
100, 6.321394605999956
98, 6.33161946599995
100, 6.34179682599995
98, 6.3519772599999555
100, 6.362145296999984
99, 6.37232494899996
101, 6.382494183999995
100, 6.392705345999957
97, 6.402918278999948
97, 6.4131314729999644
102, 6.423309509999967
101, 6.43348645399999
100, 6.4436662100000035
99, 6.45383747599999
99, 6.464005200999964
100, 6.474221154999952
100, 6.484400859000004
101, 6.494575614999974
105, 6.504844067999954
102, 6.515030073999981
101, 6.525215819999971
104, 6.53538666999998
102, 6.54555548899998
106, 6.555738317999953
106, 6.565947760999961
106, 6.5761177249999605
105, 6.586297116999958
106, 6.596508643999982
106, 6.606677930999979
106, 6.616852269999981
108, 6.627061088999994
110, 6.63723433499996
110, 6.647404871999981
112, 6.65761525299996
111, 6.667790112999967
112, 6.679041942999959
115, 6.689220240999987
115, 6.699436194999976
115, 6.710678805999976
116, 6.721923500999992
119, 6.733181528999978
119, 6.7444305989999975
119, 6.755680762999987
120, 6.766917071999956
122, 6.778167913000004
121, 6.789456617999974
123, 6.800750217999962
126, 6.811996110999985
124, 6.823253930999954
124, 6.834497062999958
127, 6.8457458199999905
126, 6.857032597999989
128, 6.868287813999984
131, 6.879532091999977
126, 6.890778036999961
129, 6.902065282999956
128, 6.913317998999958
132, 6.924563526999975
132, 6.935846502999993
132, 6.947094531000005
132, 6.958383756999979
132, 6.969629440999995
133, 6.980876062999982
132, 6.992125028999965
132, 7.003407951999975
130, 7.01466415699997
135, 7.0259799449999605
133, 7.0372362029999636
135, 7.048492771999975
135, 7.059744185999989
130, 7.071037161999982
134, 7.082297376999975
135, 7.093546967999998
130, 7.1048658809999665
130, 7.116116200999954
132, 7.127373655999975
127, 7.138628662999963
130, 7.14992304499998
129, 7.161167166999974
130, 7.172422486999949
129, 7.1837026499999865
126, 7.194959062999999
124, 7.206207663999976
125, 7.217461837999963
125, 7.228677678999986
126, 7.239952998999968
123, 7.251211807999994
126, 7.2624709299999495
122, 7.273753644999999
121, 7.285003235999966
120, 7.296250742999973
119, 7.307532729000002
121, 7.3187828409999724
116, 7.330028681999977
119, 7.3412908759999596
115, 7.352540726999962
114, 7.362763659999985
113, 7.3740078859999585
114, 7.3842282149999505
113, 7.394403074999957
113, 7.4046141329999955
111, 7.414861388999952
108, 7.425042238000003
108, 7.435217098999999
109, 7.445448521000003
108, 7.455630099999951
106, 7.4658048039999585
107, 7.476415285999963
105, 7.486644051999974
106, 7.496823286999984
105, 7.50707330299997
104, 7.517251183999974
100, 7.527420366999991
102, 7.537621581999986
101, 7.547807483999975
101, 7.557980155999985
104, 7.568152932999965
100, 7.5783701889999975
104, 7.588543955999967
99, 7.598721471999966
99, 7.608895342999972
100, 7.619073692999962
100, 7.629241261999994
99, 7.639454923999949
100, 7.649640720999969
101, 7.659820737999951
98, 7.670003514999962
102, 7.6801793129999965
99, 7.6903640689999975
99, 7.70057325199997
98, 7.710752538999998
102, 7.720941773999982
103, 7.73112970699998
100, 7.7413148800000045
103, 7.751483699000005
103, 7.761667829999965
101, 7.771840137999959
102, 7.782048539999948
102, 7.7922278269999765
101, 7.802400863999992
101, 7.812581609999995
102, 7.8227540749999775
104, 7.832938986999977
103, 7.843148013999951
104, 7.855507490999969
106, 7.865689798999995
103, 7.875868252999965
107, 7.886042019000001
107, 7.896208597999987
105, 7.90641752099998
107, 7.916625870999951
109, 7.926803855999992
110, 7.937027256999954
107, 7.947206440999992
107, 7.95738603999996
108, 7.967595274999951
110, 7.977782687999991
111, 7.987968016999957
111, 7.998145168999997
113, 8.008371538999995
113, 8.01855322199998
114, 8.028728342999955
114, 8.039978610999981
113, 8.051230388999954
116, 8.062476176999951
116, 8.07376482999996
119, 8.085017805999996
117, 8.096274114999972
118, 8.107598757999995
113, 8.117771742999992
118, 8.129019510999967
119, 8.14026738299998
119, 8.151519941999993
119, 8.162764167999967
118, 8.17401386299997
119, 8.185304702999986
121, 8.196578147999958
121, 8.207864300999972
118, 8.219117171999983
120, 8.230374783999991
118, 8.241662186999974
117, 8.252910526999983
119, 8.264192617999981
113, 8.275477104000004
116, 8.286725445000002
120, 8.297971232999998
122, 8.309219260999953
117, 8.320507809999981
117, 8.331751879999956
117, 8.34300245999998
117, 8.354258456999958
116, 8.365547786999969
116, 8.376794251999968
115, 8.38803915599999
117, 8.399288224999964
112, 8.409539542999994
111, 8.420804966999981
112, 8.43101154599998
112, 8.441194374999952
110, 8.451363089999973
112, 8.461572897999986
111, 8.47175176799999
111, 8.481950273999985
107, 8.492127061999952
108, 8.502297129999988
106, 8.512506260999999
106, 8.522717162999982
105, 8.532892022999988
105, 8.543071362999967
106, 8.553245076999985
107, 8.56341639599998
105, 8.573590943999989
106, 8.583808407999982
102, 8.593981757999984
104, 8.604187554999953
102, 8.614389185999983
105, 8.62457243199998
104, 8.634780937999949
103, 8.644954130999963
101, 8.655129355999975
103, 8.665307132999999
102, 8.67551188899995
100, 8.68568924899995
100, 8.695865932999993
102, 8.70603990799998
99, 8.716211329999965
101, 8.726392127999986
98, 8.736602352999967
100, 8.746781587999976
99, 8.75698764599997
100, 8.767167401999984
100, 8.777342939999983
100, 8.78751415399995
99, 8.797697400000004
99, 8.807885384999963
100, 8.818063734999953
96, 8.828236146999984
97, 8.838450694999949
99, 8.848629877999997
99, 8.858837862999962
100, 8.869013035999956
101, 8.879179980000004
102, 8.889361453999982
104, 8.899535949999972
103, 8.909714092000002
102, 8.919928846999994
103, 8.930097353999997
101, 8.94028117199997
105, 8.950481814
105, 8.960655058999976
106, 8.97083575299996
107, 8.981041029999972
107, 8.991218910999976
106, 9.001382885999988
107, 9.011631131000001
108, 9.021802657999956
110, 9.031979340999953
110, 9.042155555999955
112, 9.052329842999995
107, 9.062504807999971
112, 9.07270841799999
111, 9.083956497999964
114, 9.095203744999992
115, 9.10644281499998
114, 9.117713290999973
118, 9.12896288099995
118, 9.140203356999962
117, 9.151449353999965
122, 9.162738839999975
121, 9.173987649999958
122, 9.185262135999949
124, 9.196532090999995
121, 9.207799077999994
122, 9.219082729999968
126, 9.230328518999954
122, 9.241608890999998
123, 9.25286108499995
126, 9.26410999899997
127, 9.275360474999957
126, 9.286627929999952
131, 9.297886218999963
130, 9.309141433999969
129, 9.320430190999957
128, 9.33166952199997
130, 9.342924215999972
131, 9.354204535999997
132, 9.365484177999974
132, 9.37673173799999
135, 9.38798742199998
133, 9.39923748199999
132, 9.410555560999967
131, 9.421828953999977
134, 9.433116199999972
135, 9.444365738999977
133, 9.455608818999963
130, 9.466855857999974
134, 9.478097219999995
132, 9.489339518999998
130, 9.50058587999996
131, 9.511867397999993
131, 9.523151466999991
131, 9.534395171999961
130, 9.545634606999954
129, 9.556878259999962
126, 9.568124985999987
126, 9.579364211999973
126, 9.590610885999979
127, 9.601863393999963
125, 9.613169441999958
125, 9.624424449999992
121, 9.635671591999994
125, 9.646916859999976
123, 9.658170200999962
118, 9.669444061999968
120, 9.680693652999992
121, 9.69193740999998
120, 9.703188041999965
119, 9.714460340999949
119, 9.725713212999949
116, 9.73700983499998
116, 9.747183340999982
115, 9.758457566999994
115, 9.769710490999955
116, 9.779920506999986
114, 9.790096147999975
112, 9.80028522699996
110, 9.810501024999951
114, 9.820710571999996
111, 9.830881786999953
108, 9.841064668000001
109, 9.851237548999961
108, 9.86140850299995
107, 9.871623519999957
105, 9.88180145299998
107, 9.891973291999989
105, 9.902145131999987
105, 9.912321606999967
103, 9.922492664999993
103, 9.932701014999964
103, 9.942875145999949
103, 9.95305313099999
100, 9.963246011999956
103, 9.973415142999954
101, 9.983597971999984
99, 9.993806373999973
102, 10.00397555699999
98, 10.014219739999987
101, 10.024397620999991
99, 10.034573783999974
99, 10.044788903999972
101, 10.054957462000004
100, 10.065135915999974
99, 10.075310619999982
101, 10.08552277199999
102, 10.09570013199999
101, 10.105873169999995
100, 10.116094956999973
99, 10.126334243999963
100, 10.136587019999979
99, 10.146769588999973
100, 10.156946115999972
98, 10.167128006999974
99, 10.177295732000005
100, 10.18746809199996
104, 10.197678629999984
103, 10.207853228999966
103, 10.218068766999977
102, 10.228235032999976
103, 10.238447393000001
102, 10.248617825999986
103, 10.258834300999979
104, 10.26900968199999
105, 10.279182927999955
104, 10.289361746999987
105, 10.29953233599997
106, 10.309710841999959
106, 10.319956015000002
106, 10.330135874999996
110, 10.340317401999982
108, 10.350544292999984
107, 10.360719777999975
112, 10.370885106999992
113, 10.381061946999978
108, 10.391234202999954
110, 10.401401303
112, 10.411609079999948
113, 10.421819357000004
114, 10.431992966999985
114, 10.44216423399996
113, 10.452343155999984
116, 10.46358884099999
114, 10.473802971999987
115, 10.485051363999958
114, 10.496302517999993
113, 10.507582107999951
115, 10.517752697999981
117, 10.529002913
116, 10.540250940999954
115, 10.551501000999963
115, 10.563818029999993
118, 10.57507230799996
118, 10.586318044999985
117, 10.597606905999953
115, 10.607773797999982
117, 10.619058491999965
117, 10.630305948
117, 10.64159751699998
120, 10.652834815999995
116, 10.664088000999982
118, 10.67533076799998
117, 10.686618431999989
119, 10.697869323999953
116, 10.709126674999993
117, 10.720404859999974
117, 10.730583208999974
115, 10.741836237999962
116, 10.75311759899995
116, 10.764374897999971
116, 10.77562605099996
117, 10.786870328999953
115, 10.798115596999992
113, 10.808286029999977
113, 10.818461254999988
112, 10.828673875999982
116, 10.838888057999952
114, 10.849059012999987
111, 10.859238611999956
110, 10.86944914999998
112, 10.879630051999982
106, 10.889801473999967
108, 10.899987271999976
108, 10.91015957999997
104, 10.92035944099996
107, 10.930583362999982
105, 10.940761087999988
106, 10.950963812999987
105, 10.96113070399997
104, 10.97130697099999
104, 10.981474851999963
107, 10.991678097999966
104, 11.00186056199999
102, 11.01206906799996
104, 11.02228377199998
102, 11.032453527999962
103, 11.04267151299996
101, 11.052843508999956
101, 11.063018733999968
102, 11.073197968999978
101, 11.083377464999955
101, 11.093550501999971
104, 11.103766298999972
99, 11.113941264000005
100, 11.124139665999962
101, 11.13431337999998
102, 11.144499073999953
100, 11.154676902999995
100, 11.16489243999996
99, 11.175057924999976
102, 11.185232160999988
100, 11.195435145999966
99, 11.205613703999973
98, 11.215796584999964
97, 11.226012903999958
97, 11.23665932199998
96, 11.246850952999978
99, 11.257068000999993
100, 11.267246141999976
100, 11.277420116999963
100, 11.287634768999965
102, 11.297801556999957
103, 11.307978187999993
100, 11.318149194
103, 11.328400980999959
104, 11.33857349699997
103, 11.348744087
104, 11.358910561999949
104, 11.369079328999987
104, 11.37925674099995
106, 11.389473162999991
107, 11.399646044999997
106, 11.409833977999995
107, 11.420014879999997
107, 11.43023244799997
108, 11.440415849999965
110, 11.450606647999962
112, 11.460791508
110, 11.471000377999985
111, 11.481179873999963
115, 11.491358796999975
112, 11.50156855299997
111, 11.512816684999962
116, 11.524106118999953
118, 11.534287802999984
117, 11.54554395599996
120, 11.556785785999978
122, 11.56803735599999
120, 11.579282987999989
119, 11.590573463999988
120, 11.601817012999959
122, 11.613076446999969
121, 11.624324006999984
125, 11.635575576999997
122, 11.646823135999966
126, 11.658081684999956
124, 11.669331691999957
126, 11.680597324999951
126, 11.691849466999997
126, 11.703133119999961
125, 11.714381512999978
128, 11.725660946999994
131, 11.736918349999996
131, 11.748184294999987
128, 11.759473990000004
130, 11.770722538999962
128, 11.78197843099997
128, 11.793227084999955
128, 11.804479122999965
131, 11.815735015999962
131, 11.827057991000004
134, 11.838345445999948
132, 11.849595661999956
131, 11.860847492000005
133, 11.872107967999966
129, 11.883396464999976
130, 11.894654700999979
128, 11.905977519999965
131, 11.917231954999977
130, 11.928519721999976
128, 11.939777489999983
126, 11.951051923999955
126, 11.962303545999987
124, 11.97354865799997
126, 11.984843507999983
125, 11.996086275999971
125, 12.007343678999973
124, 12.018593321999958
125, 12.029850517
125, 12.041100627999981
123, 12.052352510999981
122, 12.063603194999985
120, 12.074886899999967
122, 12.086144094999952
116, 12.097397539999974
118, 12.108644787000003
116, 12.119928023
117, 12.131214071999977
119, 12.141393410999967
116, 12.151612124999986
114, 12.162854996999954
114, 12.173036107999962
113, 12.183211956999969
112, 12.193387599000005
111, 12.203583969999954
111, 12.213802423000004
110, 12.22397650199997
109, 12.234218184999975
107, 12.244400857999949
109, 12.254579676999981
107, 12.264797400999953
107, 12.274968511999987
102, 12.285149152999963
106, 12.295326877999969
105, 12.305543716999978
103, 12.315731701999994
106, 12.325946614999964
102, 12.336155276999989
102, 12.346331594999981
102, 12.356551923999973
103, 12.366731731999948
99, 12.376909144999956
102, 12.387100202999989
102, 12.397282354999959
98, 12.407459766999978
101, 12.417666918999998
102, 12.427846987999999
101, 12.438018045999968
98, 12.448189990000003
100, 12.45840906799998
97, 12.468589084999962
98, 12.47876675799995
99, 12.488943180999968
100, 12.499126477999994
102, 12.509300765999967
100, 12.51951156299998
100, 12.529689183999949
98, 12.539933939999969
100, 12.550117966999949
100, 12.560303295999972
103, 12.570527634999962
100, 12.580710723999971
101, 12.590897563999988
101, 12.601069559999985
102, 12.611250200999962
102, 12.621421415999976
104, 12.63163799399996
101, 12.641820510999992
104, 12.652001776999953
102, 12.662180335999949
105, 12.672348893999981
105, 12.682528701999956
105, 12.692738561999988
108, 12.702912588999993
104, 12.713144271999965
107, 12.72332314299996
106, 12.733533679999994
109, 12.74374895699998
108, 12.753926368999998
105, 12.764093624999987
109, 12.774268485999983
108, 12.784450480999965
108, 12.794626174999962
111, 12.804840357999979
111, 12.815015426999992
109, 12.82519033899996
115, 12.835386761999985
113, 12.845562455999982
112, 12.855747315999963
112, 12.865967487999967
115, 12.876146931999983
116, 12.887388397999985
115, 12.897618257999966
117, 12.907796659999974
115, 12.91904145899997
115, 12.930286153999987
114, 12.94053674199995
114, 12.951788363999981
116, 12.963038162999965
117, 12.974291868999956
117, 12.98554599099998
118, 12.996797924999953
116, 13.00804235999999
116, 13.01930007499999
113, 13.030587737999952
116, 13.041873057999965
117, 13.05315452299999
117, 13.064402863999987
116, 13.075660475999996
117, 13.086916680999991
117, 13.098160646999986
116, 13.109459923999964
115, 13.12071487999998
116, 13.131966605999992
117, 13.143221039999958
114, 13.153408191999972
114, 13.164655177999975
116, 13.174873735999995
114, 13.186122649999959
113, 13.196295582999994
113, 13.206502890999957
110, 13.216676136999979
111, 13.226858965999952
111, 13.237100596999994
111, 13.247278894999965
111, 13.257452817
109, 13.269770158999961
109, 13.279979654999977
110, 13.290150348999987
111, 13.300330000999963
109, 13.310541736000005
109, 13.320716022999989
109, 13.330888071000004
108, 13.341099440999983
108, 13.351269405999972
105, 13.361448381000002
103, 13.371665896999957
104, 13.381848934999994
105, 13.392065721999984
104, 13.402244175999954
104, 13.412424296999973
104, 13.422674728999993
102, 13.43284870399998
103, 13.443067106
103, 13.453242486999955
103, 13.463416096999993
102, 13.473589446999995
100, 13.483810192999954
99, 13.493985729999963
101, 13.50419605899998
99, 13.514371700999959
99, 13.52455176899997
98, 13.534717045999969
100, 13.544953781000004
99, 13.555133329
102, 13.565309647999982
101, 13.575520966
98, 13.585688378999976
97, 13.595862458
100, 13.606030963999956
97, 13.616199678999976
100, 13.626381569999978
98, 13.636594190999972
99, 13.646804935999967
101, 13.657008337999969
100, 13.667187468999998
101, 13.67735623599998
103, 13.687531043999968
99, 13.697715071000005
100, 13.707897482999954
101, 13.71807312499999
103, 13.728250016999993
102, 13.738495292999971
102, 13.748665309999978
105, 13.758867409000004
103, 13.769047529999966
103, 13.779221035999967
104, 13.78943480299995
107, 13.79960549599997
108, 13.809783220999975
106, 13.819961310999986
107, 13.830135337999991
105, 13.84034186499997
107, 13.850551099999961
111, 13.860729553999988
111, 13.87090498699996
112, 13.881085159999998
113, 13.891256842999951
113, 13.902504819
112, 13.912719053999979
114, 13.922894955999993
114, 13.934152150999978
116, 13.945431741999982
118, 13.95669805099999
119, 13.967947589999994
120, 13.979194264
120, 13.990424791999999
118, 14.00167761199998
118, 14.012915170999975
121, 14.024195282999983
121, 14.035480132999965
122, 14.046765452999978
124, 14.058005355999967
122, 14.069256822
121, 14.080537349999986
124, 14.091792408999993
124, 14.10303913499996
125, 14.114278569999954
124, 14.125535243999991
128, 14.136781084999996
126, 14.148061509000001
129, 14.159310109999979
128, 14.17059678299995
126, 14.181847519999963
132, 14.193137995999962
130, 14.204376283999977
127, 14.215634884999986
128, 14.22687416399998
128, 14.238117451999983
130, 14.249434958999984
128, 14.260685591999959
131, 14.27192903699995
131, 14.283171751999987
127, 14.294426864000002
129, 14.305680569000003
128, 14.316924846999996
129, 14.328169593999974
125, 14.339457205999963
124, 14.35073960799997
126, 14.361991907000004
126, 14.373239831999967
126, 14.384493692999968
125, 14.395748439999977
123, 14.40703870699997
126, 14.418283401999986
122, 14.429530440999997
122, 14.440771803000018
121, 14.452085819999922
122, 14.463325827000006
120, 14.474577813999929
121, 14.485862299999951
120, 14.497097775999976
120, 14.508383460999937
121, 14.519637738999961
115, 14.53088717299994
118, 14.542145409999932
115, 14.553432134999923
114, 14.56467672599996
114, 14.574888045000023
116, 14.58506134199996
112, 14.595234587999983
108, 14.605448249999938
108, 14.615638058999991
111, 14.625816044000032
109, 14.636005644000022
110, 14.646220815999925
107, 14.656402551999975
107, 14.666622775999997
108, 14.676797479999948
107, 14.687005308999971
107, 14.697169335999945
102, 14.707352216999936
104, 14.717519004999929
102, 14.727692719999993
103, 14.737871433999942
102, 14.74807889799996
101, 14.75825245699997
100, 14.768462420999924
97, 14.778635614999928
102, 14.788843078999946
101, 14.799015647999965
102, 14.809186497999974
99, 14.81936083699992
102, 14.829536842999971
99, 14.839707744999998
98, 14.84995047000001
96, 14.860121007000032
99, 14.870294669999964
100, 14.880510936000007
98, 14.890691004999951
101, 14.900863000000015
99, 14.911035308999942
100, 14.921209856999951
99, 14.931846536000023
103, 14.942075822999925
101, 14.95229552699999
103, 14.962466897999946
100, 14.97268311199997
102, 14.982855315999984
102, 14.993027519999998
101, 15.003209306999963
103, 15.01339083399995
102, 15.023563612000032
100, 15.033769148999966
99, 15.043945727999983
101, 15.054121682000016
102, 15.064291855000022
103, 15.07447155899996
100, 15.084651106999956
105, 15.09487596699995
102, 15.10505322299997
106, 15.11523027100003
104, 15.125439765999943
108, 15.135624262000022
105, 15.14581021600003
108, 15.15604752400003
107, 15.166277384000011
107, 15.176542920000031
109, 15.186730748999992
107, 15.196913577999965
107, 15.207090886999993
109, 15.217256840999937
109, 15.227432325999928
111, 15.23764411299993
110, 15.247817358999953
111, 15.258035812999935
109, 15.268222912999988
110, 15.278436731
113, 15.289676165999992
115, 15.29985941199999
114, 15.310031616000003
113, 15.321271831999923
115, 15.332520744999954
113, 15.342733625999983
114, 15.353979466999988
115, 15.365264525999976
118, 15.376554897999938
117, 15.38672595600002
115, 15.397974035999994
115, 15.409212898000021
117, 15.420500560999983
114, 15.43175103699997
116, 15.44300562799998
115, 15.454252457999985
114, 15.46554449699994
115, 15.476782732999993
116, 15.488027427999953
114, 15.499275195999928
116, 15.51056983799998
113, 15.521814742000004
113, 15.533060582000019
112, 15.544308193999939
119, 15.554512272999943
116, 15.564688434999937
114, 15.574900743
113, 15.585080031000018
112, 15.59525567199995
115, 15.60546558499999
112, 15.61564086200002
110, 15.62581212799995
109, 15.635986102999993
111, 15.646157161999952
108, 15.656367386
110, 15.666575110999986
109, 15.676750388000016
108, 15.686943268999983
109, 15.697124952000024
109, 15.707299343999978
105, 15.717473370999926
107, 15.727693595999938
107, 15.737870903999976
105, 15.748041336999961
105, 15.758251353999924
106, 15.768472464000013
104, 15.778647219999982
104, 15.788861714999996
106, 15.79904428399999
104, 15.809222008999939
103, 15.819436660999997
101, 15.82961188600001
102, 15.839791798000022
105, 15.849971189999962
103, 15.860153809999986
104, 15.870334347999972
100, 15.880545092999967
99, 15.890716724000015
99, 15.900887574000024
100, 15.911065456000017
102, 15.921237190999989
102, 15.931405437000024
98, 15.941622483999993
98, 15.953977221999992
100, 15.96418098800001
100, 15.974359599000024
99, 15.984539041999994
100, 15.994700933999923
99, 16.004916732000027
99, 16.015097372999946
101, 16.025270149999926
101, 16.035485113999982
100, 16.045671693999964
101, 16.055932282000015
106, 16.06611386100002
101, 16.076288981999994
103, 16.086498842000026
102, 16.096683755000015
103, 16.10685611499997
104, 16.11706331900001
104, 16.127249793999965
106, 16.137427726999988
103, 16.147643367999933
104, 16.157816145000027
104, 16.167995588999986
106, 16.178169200000013
106, 16.188378069999942
106, 16.198565274000032
108, 16.208742529999938
106, 16.218918379999934
106, 16.22909797999995
111, 16.239280339999993
108, 16.249509939999996
110, 16.259720268999956
109, 16.26993106599997
111, 16.28010806200001
111, 16.290283859999988
110, 16.300493875999962
115, 16.310670872000003
114, 16.32084422199995
114, 16.33106153
116, 16.34123607800001
118, 16.35248025200002
118, 16.36272469499994
118, 16.373974807000025
118, 16.38418966699993
118, 16.395483163999927
117, 16.406733640000027
123, 16.41797817799994
122, 16.429224331999933
124, 16.44051043199994
123, 16.451765335999937
125, 16.463016227999958
125, 16.474266236000005
126, 16.485556712000005
125, 16.49680255200002
124, 16.50804302900002
127, 16.51929412999999
127, 16.53057746999997
127, 16.541827997999974
128, 16.553112224000017
128, 16.564399730999924
128, 16.575651249000032
126, 16.586897663000002
129, 16.59815183699999
130, 16.609445333999986
126, 16.620695966000028
131, 16.631939879999948
129, 16.64319124100001
130, 16.654443748999995
128, 16.665702244999977
128, 16.676946939999937
127, 16.688207572999943
127, 16.69949070499996
126, 16.710744253999962
127, 16.721986918000027
128, 16.733242966999967
124, 16.744491150999977
125, 16.75573881500003
125, 16.767059341999982
127, 16.778351224000005
126, 16.78960248200002
125, 16.800843842999996
125, 16.812121193999985
125, 16.823372139000014
122, 16.83461620899999
122, 16.845939028000032
122, 16.85718351500003
122, 16.868463625999937
122, 16.879700508999974
122, 16.890983536999954
121, 16.90223359600003
118, 16.913479592999977
118, 16.924761423000007
119, 16.93494102300002
117, 16.946197488999985
114, 16.956400369999926
114, 16.966618510999922
113, 16.97678743399996
115, 16.98700875200001
110, 16.997186060999923
114, 17.007360557000027
109, 17.01757817699996
109, 17.027761057999953
112, 17.037938261999955
108, 17.048108070999945
107, 17.058293711999966
106, 17.06847529099997
108, 17.078651245000003
108, 17.088869229999943
109, 17.099059716
106, 17.10923988899998
108, 17.119447664999996
106, 17.12962919199998
103, 17.139799157000027
104, 17.149968704999935
104, 17.160181793999925
102, 17.17035941499995
103, 17.180571201999953
102, 17.19075548899997
103, 17.200961286999984
102, 17.211137657999927
99, 17.22130876800003
102, 17.231483055999945
101, 17.241668489000006
102, 17.251846058000012
99, 17.26208341800003
102, 17.272258851000004
101, 17.282436992999976
101, 17.292652789999977
102, 17.302823900999954
102, 17.31300152099999
101, 17.32318143399999
99, 17.33334775299994
99, 17.34352954000002
100, 17.353744973000005
103, 17.363920145999998
102, 17.374100682999995
103, 17.384284866999963
101, 17.394463059999964
102, 17.40464015999993
102, 17.414890227999933
104, 17.425061234999987
102, 17.435226043
103, 17.44543090299993
104, 17.45561263799999
103, 17.465784530000008
106, 17.47598511999996
105, 17.486159407000002
105, 17.496332860999985
107, 17.50654339800002
108, 17.51671492500003
107, 17.526891712999998
106, 17.537070479999954
109, 17.54723867299998
109, 17.557420772999933
108, 17.567669851999938
106, 17.577835076999975
110, 17.588007593999976
108, 17.59818177699998
109, 17.608406532999936
110, 17.618592173999957
112, 17.62877651399998
110, 17.63894882200003
112, 17.649117692999937
115, 17.65928916799993
110, 17.669535537999934
114, 17.67971368000002
111, 17.689916976999996
113, 17.700094389999947
116, 17.710268989999975
117, 17.720479318999935
115, 17.730654647999984
113, 17.74083226900001
116, 17.75103249299997
114, 17.761206624999943
115, 17.771412631000032
116, 17.781625563999967
117, 17.79180427800003
115, 17.803038036000032
116, 17.814290282999934
115, 17.824460142999953
115, 17.83570692099994
116, 17.846992709999938
116, 17.85717069499998
117, 17.867375191000008
114, 17.877580206999994
117, 17.887758660999964
114, 17.897933678000015
117, 17.90810254899992
114, 17.91935250399996
114, 17.92953522900001
117, 17.94078607
115, 17.95099301299996
115, 17.96117276900003
114, 17.971376484000018
112, 17.981591343999924
113, 17.991757141999926
115, 18.001937157999976
112, 18.012109779000014
116, 18.022286306000012
113, 18.032465957999932
112, 18.042679567999983
113, 18.05285140799998
110, 18.063022882999974
108, 18.07323081599992
108, 18.083394425999984
110, 18.093568140999935
111, 18.103782532000025
109, 18.113962235999963
108, 18.12413860700002
109, 18.13432002999997
108, 18.144499422000024
109, 18.15467839699994
108, 18.16490070499998
106, 18.175117022999927
105, 18.18529495599995
108, 18.195497055999965
107, 18.205682802000013
105, 18.21586604800001
106, 18.226037678999944
104, 18.236212851999937
104, 18.24639474299994
103, 18.256601477999936
102, 18.26678211999996
103, 18.277011876000017
104, 18.28719376700002
102, 18.297367586000007
102, 18.307577030000004
100, 18.317752514999995
104, 18.327928782000015
103, 18.338103745999945
97, 18.348271732
100, 18.35844653999999
104, 18.36865270200002
102, 18.378858030999993
100, 18.38902565199993
103, 18.399202543999934
99, 18.409412611999926
98, 18.41958179599993
101, 18.429758583000023
99, 18.439960266000014
100, 18.450128511999935
101, 18.46030764300002
103, 18.470550263000007
102, 18.48073038399997
104, 18.49089529700001
100, 18.50107593799993
101, 18.51124105899993
104, 18.521412898999927
104, 18.531630571999983
103, 18.541800379999984
106, 18.551975552999977
102, 18.562145568999938
104, 18.57282750899998
105, 18.583019244000013
108, 18.59319801099997
106, 18.603373808999947
103, 18.615691566999942
105, 18.62587184399996
106, 18.63604118400002
106, 18.64621442999993
106, 18.65639517599999
108, 18.666615713
107, 18.67682677099998
111, 18.687026161999995
110, 18.697210344999974
112, 18.70739265399999
113, 18.71760766999995
110, 18.72778586399994
112, 18.73903779799997
113, 18.75029457599993
116, 18.76051391599998
118, 18.771815589000028
117, 18.78200133499996
118, 18.79325524899997
117, 18.80450838099995
118, 18.815767762999997
119, 18.827057821999972
121, 18.838344704999997
120, 18.849603670000022
122, 18.860855968999942
120, 18.87211634099998
122, 18.88336468199992
122, 18.89460552299994
122, 18.905935477000014
124, 18.91718444299994
126, 18.928468928999962
125, 18.939709613999923
124, 18.950992120999956
124, 18.962243795000006
126, 18.973496145999945
125, 18.98477755999994
126, 18.996021733999953
126, 19.00726340800003
128, 19.018508310999948
123, 19.029754986
126, 19.041041816000018
130, 19.05228744799996
126, 19.06353636199998
125, 19.074854388999995
126, 19.08611403200001
126, 19.097361330999945
125, 19.108604150999952
127, 19.119900407999978
126, 19.131148904999975
128, 19.142400267000028
126, 19.153650898999956
122, 19.164901219
124, 19.17617685099998
126, 19.187425556999926
122, 19.19867587699997
122, 19.209959268999967
121, 19.221206984999924
119, 19.232455845999937
122, 19.243737468000006
120, 19.25499190299996
120, 19.26623289999992
118, 19.27750420900003
119, 19.288753122999935
118, 19.300002765999977
118, 19.311250013000006
114, 19.322488196999927
116, 19.333785027000033
115, 19.345038472
114, 19.356282593999993
112, 19.367527028999973
113, 19.37774199300003
113, 19.387909458000024
113, 19.39807436999996
111, 19.40825631399997
107, 19.41846664299993
110, 19.428642441000022
108, 19.43884938399998
107, 19.449022421999928
107, 19.459190772
106, 19.469401412999957
105, 19.479581637999956
108, 19.48976004000002
104, 19.49996885899992
107, 19.510135542
105, 19.52030758999996
101, 19.530512553999927
102, 19.54069116499994
102, 19.550864409999974
102, 19.561039166999933
99, 19.57121460000002
100, 19.58138513800003
100, 19.59160765400003
100, 19.60177490999996
102, 19.611956540999984
100, 19.622140359999946
101, 19.632315793000032
99, 19.642490914000007
99, 19.65270343100002
101, 19.662881572000003
100, 19.67304804700001
98, 19.683247594999955
99, 19.693426934
97, 19.70360148200001
100, 19.713811550999992
100, 19.723991931999933
98, 19.734208927999987
98, 19.74437889199993
97, 19.754548701000033
99, 19.764757102000033
101, 19.774941233999982
100, 19.785150781000027
100, 19.795322569000007
100, 19.805542844999934
101, 19.815715205999993
103, 19.82592043099993
102, 19.836100707999947
102, 19.846279890999938
102, 19.856458710000027
103, 19.86662294499996
104, 19.876802337000015
102, 19.88703631100003
103, 19.897208879999937
103, 19.90738634500002
104, 19.917598183999928
106, 19.927797159000022
104, 19.937991549999936
105, 19.948180733000015
105, 19.958392521000007
105, 19.96857092299996
110, 19.978781147000007
109, 19.988969810000015
108, 19.999144358000024
111, 20.009319998999956
109, 20.019536838999954
109, 20.02971643799998
109, 20.039926038000033
112, 20.050097721999975
111, 20.060276643999998
112, 20.07048129599997
112, 20.080654229999993
111, 20.090831173000026
112, 20.101037022999947
112, 20.111221726999986
112, 20.121393462999947
113, 20.13161368699997
110, 20.14178719299997
113, 20.151967834999994
115, 20.16322028999997
116, 20.174466547999998
113, 20.18571863899996
112, 20.19705135399994
113, 20.207295692999935
114, 20.21751534399999
115, 20.228768892999994
114, 20.240022025999963
113, 20.251278543999945
116, 20.262533968000014
114, 20.27275304599999
114, 20.284035813999992
115, 20.294253798999932
117, 20.30554604599996
115, 20.316796366000005
114, 20.328032154000027
114, 20.338212847999955
116, 20.349494209999932
115, 20.35966906999994
116, 20.37091793199994
113, 20.38109372899993
111, 20.39233649700003
113, 20.402507138999965
113, 20.41271986399994
111, 20.42290576599993
110, 20.433099948999995
110, 20.44327434099995
109, 20.45344961799998
110, 20.463620258999924
109, 20.47382610899996
110, 20.48403471900002
110, 20.494244006999963
109, 20.504415845999972
110, 20.514587008999968
107, 20.524805149999963
105, 20.534984332999954
109, 20.54516487099994
107, 20.55534488699999
107, 20.565552820999926
105, 20.575729608000017
104, 20.585931343000027
103, 20.59611146399999
106, 20.606277209999973
106, 20.61645128899994
103, 20.626637087000006
101, 20.636810333000028
102, 20.647012536999966
102, 20.657193750999966
102, 20.667379132000008
103, 20.67758055500002
101, 20.687786143999972
100, 20.69796350500002
101, 20.708146751000015
100, 20.71836020500001
102, 20.728535533999946
101, 20.738719300000014
100, 20.748894941999936
98, 20.75906693799999
102, 20.769245651999938
99, 20.77945457499999
99, 20.789661102000025
99, 20.799826586999927
100, 20.810004417000016
100, 20.820179120999967
99, 20.830349136999928
97, 20.840564049999955
99, 20.850741201999938
97, 20.860920071999942
97, 20.871092172000033
98, 20.881270002000008
100, 20.89147882000003
100, 20.901684304999947
103, 20.91187307199999
101, 20.922078400999965
101, 20.932261541999935
103, 20.942433590000007
101, 20.952646158999926
103, 20.96281461299992
103, 20.97298697299999
103, 20.983194020999974
104, 20.993398672999945
105, 21.003579366999986
107, 21.013785111999994
106, 21.023964087000024
106, 21.034139832999983
109, 21.044316829000024
104, 21.054500438999924
108, 21.06468170599993
108, 21.07489463899998
109, 21.08509257199995
111, 21.095274931999995
113, 21.10547349099994
112, 21.11566861099999
111, 21.125850919000015
115, 21.13602702999998
113, 21.14620772400002
111, 21.156379354999956
116, 21.167676236999966
117, 21.17785885799998
116, 21.18914256299996
117, 21.20039006999997
115, 21.21168200400001
117, 21.22293232399994
116, 21.234218476999956
118, 21.245494108999935
115, 21.25674791900002
118, 21.26799162399999
120, 21.279245016999937
122, 21.290529190999962
122, 21.302857469999992
121, 21.314105550999955
124, 21.325353734999965
127, 21.336609263999947
122, 21.347859166999967
125, 21.35911172599998
125, 21.370360274999996
123, 21.38165700099995
124, 21.392941695999923
125, 21.404253369999935
127, 21.415529469999967
125, 21.426791874000003
127, 21.43804531899997
126, 21.44929048199998
128, 21.460562103999962
126, 21.47181424699994
125, 21.48306513999995
130, 21.49435144900002
126, 21.505598539999994
126, 21.516852557999925
124, 21.52811209600003
125, 21.53936246799998
123, 21.550603413000033
124, 21.561850711999966
125, 21.573135823999962
123, 21.58437942500001
124, 21.595661723999967
121, 21.60691527299997
122, 21.61815793699992
122, 21.629432267000027
123, 21.640678471999934
122, 21.651922593999927
118, 21.663174580999964
118, 21.674417505000008
119, 21.685680324999964
120, 21.696991790000027
116, 21.707170035999923
117, 21.71845045999993
115, 21.728621673999953
113, 21.738824190999992
114, 21.74900196799996
116, 21.759188650999988
113, 21.769368980000024
112, 21.779549413999973
112, 21.78975047199998
111, 21.799965904999965
108, 21.810145816999977
111, 21.820317864999936
108, 21.830523349999964
108, 21.84069628399999
109, 21.850864997999963
107, 21.861041317
106, 21.87122081299998
107, 21.881388746000027
108, 21.891595741999993
105, 21.901771696000026
103, 21.91194827499993
104, 21.922127353999997
104, 21.93229533999994
104, 21.942476397999997
103, 21.952675737999982
103, 21.962844712999924
102, 21.973023791999992
101, 21.98319583999995
103, 21.994201578999935
100, 22.004338313999995
101, 22.01443473799992
101, 22.02450850500003
101, 22.03468315799995
100, 22.04491260100002
103, 22.055233612999984
100, 22.065472437999972
103, 22.07565787699997
102, 22.085824047000017
100, 22.09616875599994
103, 22.106337893999978
103, 22.11655067700002
102, 22.12671971100002
100, 22.136893120000025
99, 22.14707527799993
99, 22.157255614000007
101, 22.167432824999935
103, 22.177644878999956
105, 22.187825787999998
103, 22.197998310999935
101, 22.208175052999934
102, 22.21839215899996
102, 22.22856572400002
104, 22.238740716999985
103, 22.248917252000012
103, 22.259091963999992
102, 22.269736883000007
104, 22.279973469000026
105, 22.290166930999987
106, 22.30033955999994
104, 22.31057145899996
107, 22.320748566999953
106, 22.33092536199996
106, 22.34110705400002
106, 22.351294785999983
107, 22.361478352000006
107, 22.37169129399996
107, 22.381879911999988
109, 22.39209191499998
110, 22.40229574199992
108, 22.41247014100003
112, 22.42268927999993
112, 22.432864043999928
111, 22.443045943999948
111, 22.453235968
113, 22.463416981999956
112, 22.47359554799999
116, 22.48380906199992
112, 22.494018410000024
114, 22.50423650700003
116, 22.51441517699999
113, 22.524600150000026
112, 22.534819600999924
113, 22.544992646000026
116, 22.55516444199992
116, 22.56534665399994
115, 22.57555829300003
116, 22.58573003600003
115, 22.597044015999984
115, 22.607223936000025
118, 22.61740020999997
116, 22.627606329000002
115, 22.637794842999995
116, 22.64904574999997
118, 22.659219159999964
113, 22.669433715000025
115, 22.680684310000004
118, 22.69085766699999
115, 22.701039619000028
114, 22.712290994999933
116, 22.722467841999958
114, 22.73268708500001
115, 22.743931637999992
112, 22.754110932999936
114, 22.764281061999952
115, 22.774450305000016
115, 22.784639443999993
113, 22.794897281000033
114, 22.80507376399993
115, 22.815246183999932
113, 22.82546183400001
111, 22.835651440999925
113, 22.845829642999945
114, 22.856006073999936
113, 22.866189484000017
113, 22.87636976899995
107, 22.88658380299995
111, 22.89679669200001
108, 22.907013330999973
110, 22.917196167999975
106, 22.927366140999936
107, 22.937581790000024
107, 22.94775165799996
108, 22.95792147399999
107, 22.96809790499998
107, 22.978274180000028
107, 22.98844686000001
105, 22.998649906000026
105, 23.008865972000024
103, 23.019039120999935
101, 23.02921102099998
104, 23.039424638999947
105, 23.049599871999987
103, 23.059777396000015
104, 23.06997971200002
101, 23.08016478899998
104, 23.090334343999928
105, 23.100573171000008
101, 23.110751580999988
101, 23.12093097999997
100, 23.131107203
102, 23.141289934999975
101, 23.151464804
100, 23.161672015999955
100, 23.171848185999977
101, 23.18206784599994
102, 23.19224135999997
102, 23.202451071999974
99, 23.21266463799992
99, 23.22284169300002
101, 23.233009062000008
102, 23.24318569999997
100, 23.253364266000006
102, 23.263539237999964
101, 23.273751344999994
103, 23.283925849000013
101, 23.294108424999934
102, 23.304287354999985
101, 23.314460399999973
103, 23.324640632000012
103, 23.334855603999983
100, 23.34503234699997
102, 23.35520143399998
103, 23.365380259999995
102, 23.37555611700003
105, 23.385729734999984
104, 23.395975591999957
106, 23.40618436599999
107, 23.416362723999953
107, 23.42657092500002
103, 23.43674438599993
107, 23.44691295199999
110, 23.457084642999973
108, 23.467262531000017
108, 23.47743620099999
105, 23.487647839999966
107, 23.497820104000027
112, 23.508031220999953
111, 23.518198850000033
112, 23.52840798799997
112, 23.53858644999997
111, 23.548762359000023
110, 23.558940403999998
118, 23.569116313999928
111, 23.57929326499999
112, 23.589515319999975
115, 23.599687583999923
115, 23.609933805000026
119, 23.621184919999962
118, 23.632433951999985
117, 23.642654391999997
118, 23.653906496999923
120, 23.665160579999963
120, 23.676411642999994
120, 23.68768874799997
121, 23.698941789999992
121, 23.710196445999998
122, 23.721448289999955
123, 23.732730550999975
124, 23.743984842999964
125, 23.75527590500002
122, 23.76656050999992
124, 23.777810009999996
128, 23.789063416000033
122, 23.800307916999998
125, 23.811639813
124, 23.822876604999976
126, 23.834131885999966
124, 23.84537638599994
123, 23.856620469999996
125, 23.86786668899998
123, 23.879112700000007
124, 23.890362564999975
125, 23.901654147999977
125, 23.912935679999975
123, 23.924216481999963
122, 23.935498117999998
123, 23.946748034999985
126, 23.958002795000027
126, 23.969255524999937
122, 23.98161804299997
120, 23.992863271999965
122, 24.004148240999996
121, 24.01543388700003
120, 24.02668833499996
118, 24.03793596099996
117, 24.04918655499995
117, 24.060434388000033
119, 24.071684148999964
118, 24.082923596999933
114, 24.094218982999962
115, 24.105533275000028
114, 24.11570814199996
114, 24.126979517999928
112, 24.137162875
113, 24.14733216999997
113, 24.15750839200001
111, 24.16769101999995
112, 24.17786651299997
111, 24.188048567999942
108, 24.198224268999923
109, 24.208468980999953
109, 24.218642181999996
110, 24.228847830999996
105, 24.23902910499993
107, 24.24919865999999
105, 24.259402484999953
103, 24.269577717000004
104, 24.279755032999958
103, 24.289964223000027
104, 24.300136538000004
103, 24.310345050999956
104, 24.32056340799994
103, 24.33074515100003
105, 24.340913820000026
102, 24.351093999999932
101, 24.361270898999976
102, 24.371447692999993
101, 24.381674278999924
102, 24.391851542999973
98, 24.402064742999926
98, 24.412239297999974
96, 24.422420207000016
99, 24.432634241000017
99, 24.44280192100001
99, 24.45297371600003
101, 24.463192644999992
100, 24.473374232000026
98, 24.48354977599996
99, 24.493763705999925
98, 24.50394237500001
99, 24.514148388000024
101, 24.524318725
99, 24.534495102999983
98, 24.544669865999992
100, 24.55488796200001
102, 24.56506908
100, 24.575241394999978
100, 24.585456210000018
100, 24.59562863000002
99, 24.60580677799993
101, 24.616009926999993
103, 24.62618844000002
101, 24.636372214000005
101, 24.646585466999966
103, 24.65676819899994
102, 24.666942858000027
104, 24.677123505999987
101, 24.687296758999935
103, 24.697475011999984
105, 24.707703107999976
106, 24.717886204999957
104, 24.72807628100003
107, 24.73825265800002
105, 24.748469087999922
106, 24.758640779000018
106, 24.768855853999924
108, 24.779034888000012
108, 24.789208922
107, 24.79941550799998
107, 24.809611104999988
108, 24.819798211999966
108, 24.829968235999957
109, 24.840140602999952
111, 24.85032062700003
109, 24.860535963000018
107, 24.870718434000025
110, 24.880885176999925
111, 24.891062647999945
113, 24.901233348999938
110, 24.91144123700002
111, 24.92166042699995
113, 24.931838002999996
115, 24.94205589099994
115, 24.953307265999968
114, 24.964562650999994
115, 24.974783351999974
116, 24.986029257999974
114, 24.99726287300001
117, 25.008510288999958
113, 25.01978848699997
116, 25.031031996999957
115, 25.042277173999935
114, 25.05352688199997
114, 25.063736957999993
115, 25.074984895
115, 25.08624387399999
116, 25.097492800999987
115, 25.10875125900003
113, 25.12000122799992
115, 25.131252394
114, 25.142502675000003
115, 25.152717386000006
116, 25.16396370900003
113, 25.174149305999947
113, 25.18543026399999
113, 25.195612005999976
113, 25.20579630100002
113, 25.215993876000027
112, 25.22617030600003
111, 25.23634418399996
111, 25.246567956999968
110, 25.256743083999993
108, 25.266918471999986
108, 25.27710245399993
109, 25.287283570999932
109, 25.297458072999973
107, 25.307663564999928
108, 25.317900098999928
112, 25.328071163999937
108, 25.338238530999945
105, 25.348454490999927
107, 25.35862847300001
105, 25.368839953999952
105, 25.379009768999993
106, 25.389185938000026
105, 25.399350023999943
105, 25.409524318000024
104, 25.41973840399993
104, 25.429956031000017
104, 25.440134543999932
101, 25.45030514000001
103, 25.460519538000028
104, 25.47069122800002
101, 25.480857396999966
102, 25.491035805999957
101, 25.50121468399999
102, 25.511392467000007
100, 25.521605459
102, 25.531778763999966
99, 25.54196076599993
100, 25.55213188299996
100, 25.56231200999997
99, 25.572488074999967
99, 25.582699452999975
99, 25.592863539000007
101, 25.603036321999923
100, 25.61320545999996
98, 25.623383816999933
97, 25.633560767000006
100, 25.643771310999966
98, 25.653944876000025
101, 25.66411276399998
99, 25.674289817999977
102, 25.684470570999963
99, 25.694639291999977
103, 25.704858064999996
98, 25.715066786000023
98, 25.72524305899998
100, 25.73545063499995
99, 25.745633678999923
104, 25.755806983000014
98, 25.765975755999932
100, 25.776153383999997
101, 25.786325178000027
105, 25.796558274000006
104, 25.806755067999973
104, 25.81703399700001
105, 25.827213135000022
103, 25.837389043999963
106, 25.84760635899994
106, 25.857794455000032
105, 25.867968019999978
107, 25.878141115999995
106, 25.888357805999988
108, 25.89853340199994
109, 25.90917800699998
108, 25.919369696999922
109, 25.929547532999948
110, 25.939728232999926
110, 25.94994789200001
110, 25.960125258999994
112, 25.970297990000006
111, 25.98051780499992
113, 25.990699182000014
114, 26.000873111999965
113, 26.01104896800001
115, 26.02233612399999
117, 26.033585155000026
116, 26.044877205999967
118, 26.05613389299998
115, 26.067385787999967
119, 26.078635651999946
120, 26.089925412000014
119, 26.10118522399995
117, 26.112438159999954
123, 26.123770889000014
117, 26.135023408999984
119, 26.14628374199998
121, 26.157575688999998
122, 26.16887300100001
121, 26.180122969000024
120, 26.191378509999993
121, 26.20266618599993
123, 26.21391657099997
122, 26.225153726999963
120, 26.23639973600001
123, 26.24767793299992
120, 26.258919619999972
121, 26.27017130600001
122, 26.28142257600001
120, 26.292705459999922
120, 26.30395094900001
121, 26.315201124999987
122, 26.326523174999977
120, 26.337766789
119, 26.349010454999927
123, 26.360268651000013
119, 26.371555024999964
119, 26.382801554999958
118, 26.394042617000025
119, 26.405335084
120, 26.416613176999988
119, 26.42790012400002
115, 26.439152486999944
119, 26.45040969400003
119, 26.461664713999937
119, 26.472912910999923
118, 26.484194857999967
113, 26.495495919000007
114, 26.505672661000006
117, 26.516919608000023
114, 26.527128640999933
114, 26.53731314299995
115, 26.548558162999996
113, 26.558738914999992
109, 26.568922218999944
112, 26.579103595999925
110, 26.589280024999937
110, 26.599490619999926
105, 26.60967147699995
109, 26.61984441599992
107, 26.63002016799993
108, 26.64019956599992
108, 26.65037885999999
104, 26.662734344999933
103, 26.67290004499995
106, 26.68307819299997
104, 26.69324680899996
105, 26.703417301
103, 26.713594615999966
102, 26.72383828400001
103, 26.73401591099997
105, 26.744221976000006
101, 26.754397935999975
102, 26.764573218999942
100, 26.77478610700001
98, 26.784965504000013
100, 26.795137662999934
100, 26.805314665000026
100, 26.815516927000033
99, 26.825738252000008
99, 26.83594728500003
101, 26.846117724999942
102, 26.856299569999976
100, 26.86650907199993
101, 26.87668435500001
99, 26.886856929999965
97, 26.89706372400002
100, 26.90723103900001
101, 26.91740309300002
101, 26.927639469999974
100, 26.937814961000015
99, 26.947993629999985
98, 26.958166360999996
100, 26.96838081100003
98, 26.978566041999954
102, 26.988732888000015
100, 26.99892452499995
101, 27.009117360999937
100, 27.01930274800003
102, 27.029519593999964
101, 27.039699720999977
100, 27.049913596999943
104, 27.060092057999952
102, 27.07026437199994
104, 27.080442729000026
102, 27.090620823999927
104, 27.10079876399999
107, 27.111017119999985
102, 27.12119417399998
103, 27.13140403999995
105, 27.141611979999936
105, 27.151796846999957
108, 27.16196858799998
107, 27.172152360999974
107, 27.182331654999928
107, 27.192516313
106, 27.20272581499995
109, 27.21289114999996
107, 27.223077005999983
110, 27.23328515399993
110, 27.243463249999934
109, 27.253659366000022
110, 27.263839700999995
110, 27.27402149400001
112, 27.28422589099995
113, 27.294406121999998
112, 27.304581926000026
113, 27.314792521000015
115, 27.324997334999978
115, 27.335174336999955
111, 27.345350764999978
112, 27.35662922199998
113, 27.366811275999964
115, 27.378060565999988
115, 27.389313294000033
113, 27.39955623299994
116, 27.410814115999926
114, 27.421031898999956
115, 27.432311240999923
117, 27.44355678200003
116, 27.454849508999985
116, 27.466094579999947
116, 27.47733626600001
117, 27.488591963000033
114, 27.499836356999992
114, 27.511086844999966
115, 27.522336655999936
114, 27.533626728
115, 27.54383685399995
114, 27.555090311000015
114, 27.566344549000007
116, 27.577637223999943
114, 27.587818184000014
113, 27.599070756000003
111, 27.609244476000015
114, 27.619455539999933
109, 27.629659624999988
112, 27.639837043
109, 27.651088313000002
110, 27.661270157999923
107, 27.671454608000033
109, 27.68165754699993
107, 27.691836215000023
110, 27.70204358099994
108, 27.712213967999958
108, 27.722392792999983
108, 27.732603074999986
106, 27.742782629000033
108, 27.75296186999998
105, 27.763178142999948
107, 27.773351342000012
108, 27.783525166999937
105, 27.79373274099993
105, 27.803907815999935
104, 27.814084347999994
105, 27.82425692299995
103, 27.834474080999996
102, 27.844649363999963
106, 27.85485928199995
102, 27.865036335999946
102, 27.87521078499998
100, 27.885386171999983
100, 27.89555968399992
101, 27.905741164999938
100, 27.915952853999954
100, 27.92612620999995
102, 27.936333939999997
97, 27.946543024999926
100, 27.95671419399997
100, 27.966883903999985
100, 27.977060852999955
100, 27.987226292000003
98, 27.997402199999954
98, 28.007614722000028
100, 28.01778844300003
99, 28.027964246999943
100, 28.038134997999975
99, 28.048348093000016
100, 28.058519261999948
100, 28.068702773999973
101, 28.078887066999926
100, 28.08906573500002
102, 28.099242528999923
98, 28.109451873999944
99, 28.119631062999986
99, 28.129797647999965
100, 28.13997501399996
102, 28.150154463999968
99, 28.16033313199995
100, 28.17055159199998
100, 28.180720572999974
103, 28.190900439000018
102, 28.201071763000016
102, 28.211248972999954
104, 28.221429047999948
104, 28.231671466000023
105, 28.24184622799993
104, 28.252049842999952
105, 28.26223304299998
104, 28.27240827299994
104, 28.28258501399995
106, 28.292766858999983
109, 28.30294781799995
109, 28.313161225999977
108, 28.323329946
112, 28.333540280000022
109, 28.343750510000007
109, 28.353923500999997
111, 28.364108106999936
109, 28.374282295
111, 28.38553288700001
115, 28.395701814999995
111, 28.40591673299997
112, 28.416085140999996
117, 28.427329586999974
116, 28.438612000999967
115, 28.44882598199996
116, 28.460069854999972
118, 28.47131284200003
115, 28.482560309000007
118, 28.49381480699998
118, 28.505065919999936
117, 28.51630729300001
118, 28.527602727999977
118, 28.538892173999955
119, 28.55014786999999
121, 28.561389607999956
122, 28.572689469999943
122, 28.583936311999935
122, 28.595175236999978
120, 28.606420776999983
122, 28.617672723
121, 28.628911856000002
122, 28.64018921899998
122, 28.65143757100003
121, 28.66272644399993
120, 28.673971983999934
121, 28.68522299199998
121, 28.69650837599994
121, 28.70775552999993
122, 28.71900487199997
122, 28.730242807000025
119, 28.741565482
118, 28.752818313999967
117, 28.764066978000017
121, 28.775349705999986
119, 28.786606963999986
120, 28.79786114999996
120, 28.80910726199994
116, 28.820351759999937
118, 28.831638498000018
117, 28.842882110999938
116, 28.85412494199994
116, 28.865374700000018
116, 28.876623312999925
115, 28.88786859199996
116, 28.899115798999958
115, 28.91036435899997
114, 28.920581517000016
111, 28.930755965999936
116, 28.940972498000008
114, 28.95116022899998
112, 28.96132681299997
110, 28.971500897999988
109, 28.981685658999993
109, 28.991868649999958
108, 29.002081797000017
106, 29.01225666299996
107, 29.022435227000017
107, 29.032643320999966
106, 29.04285058299996
108, 29.053036385999974
106, 29.063213908000023
105, 29.073395285000004
105, 29.083565984000018
103, 29.09378704699992
105, 29.103952330000027
103, 29.114126830999965
101, 29.124308258999974
103, 29.134484010999984
102, 29.14469194899999
102, 29.15490332500002
101, 29.165080379000017
100, 29.175252118999936
99, 29.185466048000023
103, 29.19565075700001
98, 29.20582593499995
99, 29.215995696999983
100, 29.226166187999922
99, 29.236376938999967
98, 29.24659373100002
101, 29.25676297199999
101, 29.26694533699998
100, 29.277112858999942
99, 29.287287567999954
100, 29.29744613099996
98, 29.307660839999983
100, 29.31782185200001
99, 29.330135095999992
101, 29.34034798199997
99, 29.350563159999922
101, 29.360739119000016
102, 29.37090898499997
104, 29.38108671499998
101, 29.39126293399994
101, 29.40142832099997
103, 29.41165053000003
103, 29.421830967999938
103, 29.432039167000028
103, 29.442243093999934
104, 29.452419105999923
105, 29.462631210999973
103, 29.472804877999977
102, 29.48298890999996
102, 29.493173203000026
107, 29.503345202999924
103, 29.51354084999997
105, 29.523761705000027
105, 29.533934278999993
105, 29.544141122999974
109, 29.554317081999955
108, 29.564497520999964
106, 29.574666031999925
109, 29.584893033000014
106, 29.595559250999997
109, 29.605750313999977
109, 29.615978043999974
108, 29.626149054999985
110, 29.63631621199994
110, 29.646569306999993
110, 29.656749640999976
110, 29.666922161999935
112, 29.677088798999932
113, 29.687275590999946
112, 29.697444206999933
116, 29.707656988999986
112, 29.717835186999935
112, 29.72801307399999
113, 29.73818981400001
115, 29.74947102999994
112, 29.759647770999948
116, 29.76982711499994
113, 29.781084060999945
117, 29.79127330099999
115, 29.801460926999937
117, 29.81167469799999
115, 29.821851750999997
117, 29.832075835000012
112, 29.842292471000007
114, 29.852474941000025
116, 29.862692879000008
114, 29.872870192999983
114, 29.883041099999957
116, 29.89320888200001
113, 29.90445988999994
114, 29.915709648000018
115, 29.925924148999968
114, 29.93609766000003
116, 29.946303670999953
115, 29.956509577999952
116, 29.966691787000002
113, 29.976864517000024
114, 29.98707448700003
109, 29.99724888299994
115, 30.007418279999968
112, 30.017640540999935
112, 30.027817749999997
111, 30.037989542999924
109, 30.048196647999987
112, 30.058417137999925
113, 30.06858658699997
110, 30.078760149999937
111, 30.088943712999992
110, 30.099119359999975
110, 30.109292870999923
109, 30.119511851000027
109, 30.12968791399993
108, 30.139898404999997
108, 30.150112385
107, 30.16029250999992
110, 30.170509095
109, 30.18068234499998
106, 30.190849241999956
108, 30.201026399
107, 30.211195379000003
106, 30.221365556999956
105, 30.23158250599994
104, 30.241765808000025
103, 30.25197895399998
103, 30.262140695000028
106, 30.272316444999944
104, 30.28255438299999
103, 30.292782320999947
102, 30.302974893999988
101, 30.313210384
103, 30.323377332000007
103, 30.33355474900003
102, 30.343813103999935
100, 30.35399395799999
103, 30.364203927000005
101, 30.374373427999956
100, 30.384554125999955
101, 30.394757168000012
102, 30.40493172099997
102, 30.41511012699999
101, 30.425283793999995
101, 30.43549480500002
103, 30.44569513899995
100, 30.455911357999923
101, 30.46608648299997
103, 30.476257337999925
101, 30.486433556999998
102, 30.496611702999928
100, 30.50678964100001
100, 30.51699018300002
101, 30.527172339999936
102, 30.53734085100001
101, 30.54754331999999
102, 30.55771922699995
102, 30.567897268999957
104, 30.578076924999948
100, 30.588245852999933
104, 30.598460144999933
104, 30.608638290999977
104, 30.61884878099994
102, 30.629021458999944
105, 30.639200125999935
108, 30.64945613599997
105, 30.659631417999947
107, 30.669817636999994
108, 30.679991512999948
108, 30.690167887999962
107, 30.70034223199997
109, 30.710557358000017
108, 30.720733836999955
110, 30.730907348000017
108, 30.741085493999947
109, 30.751259057000027
111, 30.761435328999994
111, 30.771659100000022
111, 30.78183365199999
109, 30.792047996000008
113, 30.802222341000004
115, 30.812406789000022
113, 30.822584309999968
115, 30.83275427899997
119, 30.84293669599998
116, 30.853180571999985
118, 30.86335793699999
119, 30.874610089999976
119, 30.884838079999952
114, 30.895025653000005
118, 30.90627535899995
117, 30.91752371000001
119, 30.928784509999957
118, 30.940030985999954
118, 30.95131751399998
118, 30.96256591799994
119, 30.973822549999966
121, 30.985066786999994
121, 30.99631992999997
121, 31.007617811999978
119, 31.01779621899999
120, 31.02904415400002
123, 31.040287974000023
124, 31.05161304400002
121, 31.06285962399994
119, 31.074109695000004
122, 31.085356482999998
117, 31.096614313999964
118, 31.107866363000028
121, 31.119115131
119, 31.130355305000023
121, 31.141657511000005
119, 31.152937059999942
120, 31.164226608999968
120, 31.17550459599994
118, 31.186755290999997
117, 31.198001402999978
120, 31.20924282699997
119, 31.220535396999992
116, 31.23096291799999
116, 31.24163564500003
117, 31.251926186999924
117, 31.26211740499997
116, 31.27336799599999
116, 31.283537704000025
115, 31.29377532899997
115, 31.303943995999987
113, 31.314118808999922
113, 31.32429382899994
111, 31.334464319000006
112, 31.344639340000015
112, 31.354895349999936
110, 31.36507912099995
110, 31.375268620999975
109, 31.38548254799997
111, 31.395656110999937
112, 31.405839151999942
107, 31.41600531900002
108, 31.426174402999948
106, 31.436355829999968
106, 31.44660574599999
106, 31.456818578999957
105, 31.46702568400002
106, 31.47720304799992
107, 31.487374267000007
104, 31.49758944399997
105, 31.507761287999926
104, 31.517940892000013
106, 31.52812039199995
106, 31.53829338199995
102, 31.548437777999936
101, 31.55862831899998
103, 31.56885651700003
104, 31.57902502799999
102, 31.58918489199999
98, 31.599332101000016
103, 31.60952128799994
100, 31.619678652999994
99, 31.629838465999967
99, 31.63998744500003
101, 31.650149704999933
101, 31.660348164000027
99, 31.670539746999964
101, 31.680702424000003
100, 31.690874632999964
100, 31.70102356000001
100, 31.711182070000007
98, 31.72134183099996
101, 31.731498986999952
102, 31.741650675000017
102, 31.751809185000013
103, 31.76202696699994
101, 31.772198758000002
103, 31.78238164399994
103, 31.79255859199992
101, 31.80273361299993
102, 31.81291128999993
101, 31.82312938399997
101, 31.833300549999933
101, 31.843469268999968
102, 31.853681009000013
103, 31.86386004000002
101, 31.87402776899995
102, 31.884243049999952
105, 31.894418435999967
104, 31.904592622999928
107, 31.914811289999932
106, 31.924985008999954
107, 31.935157945999947
108, 31.94533687300003
107, 31.95554403
106, 31.96786107500003
106, 31.97802906499993
107, 31.988200439999957
107, 31.998424263000004
107, 32.00860230400002
108, 32.018781284
111, 32.02895448199996
107, 32.03912929400002
109, 32.04930421099999
109, 32.059542876999956
109, 32.06972581500003
109, 32.07994031499999
113, 32.09011872100001
109, 32.10028827299999
114, 32.110507305
111, 32.12067529400002
114, 32.13084963800003
114, 32.141036741999926
113, 32.15122051299994
112, 32.16143522099998
114, 32.17165716899996
113, 32.181837918999975
116, 32.19204768000003
112, 32.20329274900001
116, 32.213469644999975
114, 32.22364513500003
115, 32.233817708000004
116, 32.24398736400002
114, 32.254203477999965
117, 32.264375737999956
114, 32.274548987999935
117, 32.284765309999955
116, 32.29494079900002
115, 32.30511654899993
113, 32.31636213899998
116, 32.326579503000005
113, 32.33675405499997
114, 32.346926731999986
110, 32.35821060300003
111, 32.36843958200001
116, 32.378612519
114, 32.38881618499994
111, 32.398994383
110, 32.40916768400001
110, 32.419348173999936
110, 32.42952730899998
115, 32.43970331899999
111, 32.44991146399997
112, 32.460111952999966
112, 32.47029030699997
110, 32.48050126499999
109, 32.490677327000014
109, 32.50085614999995
111, 32.51104111799992
110, 32.52121379499994
108, 32.531385951000004
108, 32.54161055499998
108, 32.55178750199997
107, 32.56200184599999
109, 32.57218238699994
107, 32.582360792999964
107, 32.592530291999935
105, 32.60273286499995
106, 32.612916843999926
105, 32.623133322
104, 32.633350217999975
105, 32.643555133999996
105, 32.65378161299992
104, 32.664001477
105, 32.674214414000005
103, 32.68441281999998
103, 32.694598725999924
102, 32.70482004799993
103, 32.714989600000024
102, 32.72516842199997
101, 32.73534698499992
103, 32.74555757799993
104, 32.75572916099992
102, 32.76597996300001
100, 32.77616071199992
99, 32.78633187899999
100, 32.79654330499994
101, 32.80672509599998
102, 32.816893970999956
101, 32.827068053999994
100, 32.837252657999954
99, 32.847431115999996
100, 32.857639053000014
100, 32.86784271899995
99, 32.87802492700001
98, 32.88819900999994
101, 32.89841001999997
98, 32.90858748900001
102, 32.918766571999925
101, 32.92894268599997
101, 32.93911791499994
102, 32.94929418499993
100, 32.959509621999985
102, 32.96968875700003
102, 32.979901642000016
104, 32.99007775699994
102, 33.000244391999956
105, 33.01041607899998
103, 33.020595630999935
105, 33.03076861999995
105, 33.04097348399995
106, 33.05115121299997
107, 33.06135581699999
105, 33.07156958699994
106, 33.081738617999974
107, 33.091917076000016
106, 33.10212100299992
106, 33.112295658999926
109, 33.12248250199997
109, 33.132694448999985
110, 33.14287056400002
108, 33.153041105
110, 33.163252270999976
110, 33.173428280999985
110, 33.18360809300003
112, 33.19383988499993
112, 33.204014124000025
112, 33.21422680099994
111, 33.22492760099993
112, 33.23511970399994
116, 33.24529373499996
114, 33.25551052600002
118, 33.265723098000024
115, 33.27594238900002
116, 33.28612543000003
119, 33.29630149099995
119, 33.30651390700001
117, 33.31668345899999
116, 33.327935141999944
117, 33.33917677300002
117, 33.35042288400001
118, 33.36166857799998
118, 33.37295427199996
120, 33.38424392400003
120, 33.39552435699994
120, 33.40677900899999
119, 33.41803308799996
123, 33.429285031999996
120, 33.440569944999936
119, 33.451861418999954
120, 33.46213518899998
122, 33.47339182100001
119, 33.484645951999994
120, 33.495972687000005
117, 33.50615937399999
119, 33.517399963999935
120, 33.52864560500001
120, 33.539934319999986
118, 33.551193555
118, 33.56244310300002
119, 33.57268869599994
120, 33.583939078000014
119, 33.59519263599992
117, 33.606440204999956
117, 33.61768709699999
118, 33.62893950899996
117, 33.640190828000016
115, 33.65144131300002
118, 33.66167732299999
115, 33.67189484299996
119, 33.68210199799995
116, 33.69227384100003
115, 33.703521045999935
114, 33.71373596199993
111, 33.72390775299999
111, 33.73408428299996
112, 33.74426768899997
111, 33.754438386000004
112, 33.764612312
112, 33.774864519999994
111, 33.78504261300003
108, 33.795216694999965
111, 33.80542812099992
109, 33.81561506899999
108, 33.825787692999995
109, 33.83599917099997
106, 33.84617314999997
106, 33.85636551399995
106, 33.86659292899998
104, 33.87677623099995
104, 33.886985781999954
105, 33.89716314599997
105, 33.907340196999996
104, 33.91751355100001
103, 33.92769388300002
104, 33.93785588299994
103, 33.94802850699995
103, 33.95820644399993
102, 33.968437140999924
101, 33.978619816999924
103, 33.988820982999925
101, 33.999008137999965
101, 34.00917961700003
100, 34.01935015800001
102, 34.02952528199995
103, 34.03969936499999
100, 34.04992037400001
100, 34.060086592000005
101, 34.07029885200001
101, 34.080510017999984
103, 34.090682277999974
103, 34.10085760999999
101, 34.11103679699994
101, 34.12121582699996
100, 34.13138214999998
100, 34.14159638799998
99, 34.15176880400003
100, 34.16193554299997
101, 34.172144000999936
100, 34.182319280999934
101, 34.19250133299994
102, 34.20271114399992
103, 34.212894758000004
98, 34.22306378899992
101, 34.23323500700002
102, 34.24341596400001
102, 34.253594212999985
101, 34.263806263999925
104, 34.273981805000005
104, 34.284196408000014
105, 34.29436262500002
105, 34.304538218000005
105, 34.31475485200002
103, 34.32493257999994
105, 34.33510541200002
106, 34.34527642199993
107, 34.35549534799992
107, 34.365666304999934
107, 34.37591184499996
106, 34.38609457299998
105, 34.396272144999955
108, 34.40645315399996
108, 34.41662254900001
110, 34.42679907899998
107, 34.437001391000024
108, 34.44717713999995
110, 34.45736257599998
109, 34.46756670999997
110, 34.47777584399995
110, 34.48794690599999
110, 34.498131143999956
112, 34.508300539000004
112, 34.51847930899993
111, 34.528657193000015
112, 34.538869243999955
112, 34.549057441
112, 34.559221315
114, 34.569436490999976
113, 34.57960750000001
111, 34.58977434299999
109, 34.602105085000005
112, 34.612282551999954
112, 34.62245856199996
114, 34.632667122999976
111, 34.64284776799997
115, 34.65301924599993
115, 34.66318910900003
113, 34.67339944099996
113, 34.68357019000001
114, 34.693791825000005
112, 34.70396694799996
116, 34.714142280999965
114, 34.72431521699997
114, 34.734490027999925
112, 34.74466728800002
113, 34.75493131799993
110, 34.765121650000026
113, 34.77534541899996
113, 34.78553101199992
113, 34.79571441699994
111, 34.80592803099995
110, 34.816099195999925
112, 34.82627978900001
109, 34.83645189199996
109, 34.84663123499996
109, 34.85680719199996
108, 34.86702075299996
111, 34.877229313999976
110, 34.887399699000014
109, 34.89761378099996
108, 34.907780258999935
110, 34.91795631999997
105, 34.92813951699992
104, 34.938353234999965
109, 34.94853309799993
106, 34.95871035800002
106, 34.96889844999993
109, 34.97907586599996
107, 34.98924609399995
105, 34.99946908199996
105, 35.009650663999935
104, 35.019829851
106, 35.03000966199994
104, 35.04018843199998
105, 35.05036293099994
104, 35.060578367000005
102, 35.070760001
105, 35.081005542000014
103, 35.091181915999925
102, 35.10135828999995
103, 35.111577006999994
102, 35.12174864100001
103, 35.131926265000004
102, 35.142111285
105, 35.15228088800001
100, 35.162459189
100, 35.172667750000016
100, 35.18288068700002
102, 35.193059300000016
100, 35.20323411199996
102, 35.21341439199995
98, 35.223592224000015
101, 35.233804222999936
100, 35.24397991899997
101, 35.25419499100002
101, 35.26437266599993
100, 35.27454836299995
99, 35.28476520499993
102, 35.29494199499999
100, 35.305115555999976
102, 35.315288544
102, 35.325504656999954
100, 35.33568379100001
101, 35.345852664999995
101, 35.35602643399994
101, 35.36620546399996
102, 35.376420638999946
103, 35.38663545000003
102, 35.396816043
102, 35.407024603000025
103, 35.417202955999926
105, 35.42737938199997
104, 35.43760112000001
105, 35.44777483699994
105, 35.45794891899999
106, 35.46813284499996
106, 35.478382864000025
107, 35.488563976999956
106, 35.498735090000025
107, 35.50892776500001
107, 35.51910059699998
110, 35.52927160600001
109, 35.539499802999956
107, 35.54968732200001
109, 35.55990187200001
111, 35.57007684000001
111, 35.580299983999964
112, 35.590516460999936
110, 35.60069304299992
114, 35.610865198
112, 35.621040789999995
113, 35.631221122
114, 35.641395203999934
114, 35.651632254999924
114, 35.661811752999995
111, 35.671984377
115, 35.68322715300002
118, 35.69340748500002
116, 35.70464849000001
119, 35.71486845800001
117, 35.72612420299998
116, 35.73737343700003
120, 35.748625327999946
118, 35.75991346899997
117, 35.77117025599995
122, 35.78244959399996
119, 35.79373976599999
119, 35.804984521999984
119, 35.81624427699995
119, 35.827494865999995
121, 35.838754153000025
121, 35.84999364799995
119, 35.861244966000015
121, 35.872491804999925
121, 35.883807029000025
118, 35.89505615899992
118, 35.906310967000024
120, 35.917602337000005
121, 35.92778235600002
119, 35.93903664299995
121, 35.95028509599996
120, 35.96157136200003
116, 35.97281497199998
120, 35.984097851999934
122, 35.99534828499992
120, 36.00663481099997
121, 36.01680790300003
117, 36.02806745100003
118, 36.038252365999995
117, 36.04954170399998
117, 36.060788178999985
117, 36.07100632299995
115, 36.08120764400002
115, 36.09138599700003
115, 36.101601380999966
115, 36.11177832699997
112, 36.12195490899995
114, 36.13212836600002
110, 36.14230734400002
112, 36.15247861300003
113, 36.162694466000005
111, 36.172875578999935
109, 36.18305887899993
111, 36.193241658999966
112, 36.20342303299998
112, 36.21360685399992
109, 36.22382583199993
107, 36.23399897600001
108, 36.24421050500001
107, 36.25438797199996
107, 36.264564605999965
108, 36.27478024999999
107, 36.284993757999985
104, 36.29517471499997
105, 36.30534218199995
107, 36.315545794
103, 36.32572805299998
103, 36.33594067600001
106, 36.346112725999944
102, 36.356291650999935
103, 36.36651005599998
104, 36.376696116000005
101, 36.38687144800002
100, 36.397059071
100, 36.40723429799999
99, 36.417409994000025
100, 36.427635221
101, 36.437812844999996
103, 36.44799744699998
101, 36.45816564299997
101, 36.46841691200001
98, 36.47858932699995
99, 36.48883486599999
100, 36.499005458
100, 36.509178029
102, 36.51935112099994
98, 36.52952254600001
100, 36.53970839899995
101, 36.549922531999925
99, 36.560098331999995
102, 36.570275590999984
102, 36.580481703999965
102, 36.590694066000026
100, 36.60091637700003
100, 36.61114014599997
103, 36.62132532100003
104, 36.63151283999997
102, 36.641686972999935
102, 36.651875325999924
100, 36.66208742800001
101, 36.67226062399999
103, 36.68243663200002
103, 36.69269613
104, 36.702872190999926
104, 36.71304971000001
102, 36.72326123900001
103, 36.73347688299992
105, 36.74365851700003
104, 36.753827650000005
105, 36.764014336
105, 36.77422503199995
106, 36.78439552000003
104, 36.794615018
108, 36.80483133900003
106, 36.81500427399993
106, 36.82517346000003
109, 36.835355249999964
112, 36.845539383000016
108, 36.85571184999998
108, 36.86593869199993
110, 36.87612011699997
110, 36.88633221899994
111, 36.89655692599996
111, 36.90674079900003
110, 36.91691456799998
113, 36.927593960000024
109, 36.937780594
112, 36.94795295699993
113, 36.95813333999996
109, 36.968341692000024
110, 36.978524783999944
111, 36.988744595000014
112, 36.99892508299996
111, 37.009094319999974
111, 37.019272515999944
113, 37.029491753999935
112, 37.039669480999976
113, 37.049842781999985
115, 37.060014258999956
114, 37.070199902999946
112, 37.08037950499994
114, 37.09060999299999
111, 37.100801105000016
111, 37.11101872800003
111, 37.12119655999999
112, 37.13136558899993
111, 37.141586909999944
110, 37.15176724199995
113, 37.16194715699993
112, 37.17213222799995
114, 37.182311100999925
113, 37.192520547000015
109, 37.202733325999986
113, 37.212914334999994
111, 37.223132790999955
111, 37.23549764699993
108, 37.24566365499999
110, 37.255843881999965
109, 37.26601483799999
108, 37.27618449200003
109, 37.286362999999994
107, 37.296615101999976
109, 37.30679225599994
106, 37.316992846999995
105, 37.32717583499999
108, 37.33734215499993
107, 37.347512902999995
108, 37.357694589000005
105, 37.36787330499993
105, 37.378048062999994
103, 37.388248186
104, 37.39846731899996
104, 37.40863973400002
104, 37.41885829400002
104, 37.42904112499997
102, 37.43921603899997
104, 37.44943418299994
102, 37.459609252999996
101, 37.46979385499998
100, 37.47997153
102, 37.49014748600001
101, 37.500326358999985
101, 37.51055648200003
99, 37.52073170900002
100, 37.53090761300001
102, 37.54108289200002
101, 37.551251088000015
101, 37.56141897100002
99, 37.57163794799993
100, 37.58181671599999
100, 37.59202850599996
100, 37.60219961799993
102, 37.61238182400001
101, 37.62255809300001
99, 37.632733684000016
102, 37.64291521299998
101, 37.653131169000005
101, 37.663315146
97, 37.67348693599996
101, 37.68370377699995
99, 37.693904628999974
100, 37.70407631400002
101, 37.71425445799997
99, 37.72443520600001
101, 37.734611525999924
100, 37.74483086799995
100, 37.75501546999993
100, 37.765187727999944
100, 37.77538555899997
101, 37.78556094200002
102, 37.79577840899998
103, 37.805987698000024
104, 37.81616922699999
105, 37.82634570399995
105, 37.83656447200002
103, 37.84673600100001
104, 37.856912061999935
104, 37.867091819999985
104, 37.87726892199993
105, 37.887442481999926
108, 37.89769203199995
107, 37.90787350900001
106, 37.91804587099995
108, 37.92821693100001
107, 37.93843059599993
113, 37.94860129199998
108, 37.95877896600001
110, 37.968957786999965
109, 37.979135982999935
110, 37.98930693899996
109, 37.99951362400003
113, 38.00968629899995
110, 38.01989616099996
111, 38.03007576299996
114, 38.041329631999986
114, 38.05151064099999
115, 38.06168946099996
113, 38.072938018
113, 38.08314824500002
117, 38.094430759999966
115, 38.104602133000014
115, 38.11481793299998
115, 38.12606492699996
115, 38.137313119
117, 38.14855474899997
117, 38.159806221999986
115, 38.17105743500002
120, 38.18230156499993
119, 38.193572152999934
119, 38.204867845000024
118, 38.216122859999984
117, 38.22736808299993
120, 38.238625807000005
119, 38.24991889400002
116, 38.26116104399995
119, 38.27240642299995
123, 38.28365721899996
118, 38.29491181700001
121, 38.30615396799993
118, 38.31739471099996
121, 38.32866482999992
118, 38.33995250100003
117, 38.35119902599996
120, 38.36243315500002
119, 38.37371843
118, 38.384963914000025
117, 38.39624694899993
119, 38.40748571399996
116, 38.418735467999966
117, 38.42997589999999
117, 38.44122049799995
116, 38.45246967899999
117, 38.46268745799995
114, 38.47393434700001
115, 38.48518285199992
116, 38.49646130399998
113, 38.50663429100001
112, 38.51680899599995
114, 38.52702088999996
109, 38.53720085599997
111, 38.547369102999994
111, 38.55758896499998
108, 38.56776992099998
109, 38.57794514699998
108, 38.58809527
109, 38.59933773300003
110, 38.60956608399994
109, 38.61974771699994
105, 38.629966120000006
106, 38.640146554999944
105, 38.650324281999985
106, 38.660541070999955
104, 38.67072239099997
102, 38.680906679999964
105, 38.69108050099993
105, 38.70129213299998
105, 38.711473661999946
103, 38.72165982600001
103, 38.73183760499995
101, 38.742051372999924
100, 38.752234568000006
100, 38.762405575999935
102, 38.772580386000016
102, 38.782765247999976
103, 38.79295031800001
99, 38.80319497199997
101, 38.813371083999925
102, 38.82355610199994
98, 38.833768776
101, 38.84393676299993
100, 38.85411032299993
98, 38.86429476899997
102, 38.87447296399995
102, 38.88464704500001
100, 38.89486940599994
101, 38.90507926799995
100, 38.915259443000025
100, 38.925471491999986
99, 38.935654634999935
100, 38.94582684099993
100, 38.956004202999964
101, 38.966189378000024
99, 38.97638054199996
104, 38.98659811199997
101, 38.99677469299996
101, 39.00702413799996
100, 39.01720051000001
100, 39.02737490399994
100, 39.03759117199996
98, 39.04776608599997
99, 39.05794365599996
103, 39.06811695599998
102, 39.07829160900002
102, 39.088462096
100, 39.09863003100003
102, 39.108877184999926
100, 39.119058713000015
103, 39.129239669000015
101, 39.139445104
103, 39.14961715299995
101, 39.15978743199997
104, 39.16996203399998
104, 39.18013824999997
106, 39.19031305999994
104, 39.200560577999966
104, 39.21073695000001
108, 39.220920509999985
104, 39.23109511199999
107, 39.24126820299995
104, 39.251446294000004
108, 39.261667561000024
105, 39.27184658999994
110, 39.282051346999936
108, 39.29223292699993
108, 39.30244247599995
108, 39.31265489000003
108, 39.322825792999936
109, 39.33300320699999
107, 39.343187495999985
111, 39.353368606999936
110, 39.36355003099999
110, 39.37376833000002
110, 39.38394777499997
109, 39.394121386999984
110, 39.404339633999996
108, 39.41451366199993
110, 39.42468982600002
110, 39.43493927100002
110, 39.44511788199992
112, 39.455300088
112, 39.46549843899999
110, 39.47567824899994
108, 39.485849203999976
113, 39.49603328400002
111, 39.50624210400002
112, 39.51641821599998
109, 39.52663198399995
111, 39.536801689000015
109, 39.54701556100002
111, 39.55719011000002
111, 39.567363252999996
111, 39.577578322999955
